(1, 1.600012183189392e-06)
(2, 3.0999071896076202e-06)
(3, 3.4999102354049683e-06)
(4, 3.899913281202316e-06)
(5, 4.1997991502285e-06)
(6, 4.599802196025848e-06)
(7, 4.899920895695686e-06)
(8, 5.19980676472187e-06)
(9, 5.5998098105192184e-06)
(10, 5.899928510189056e-06)
(11, 6.200047209858894e-06)
(12, 6.500165909528732e-06)
(13, 7.000286132097244e-06)
(14, 7.80029222369194e-06)
(15, 8.000293746590614e-06)
(16, 8.500413969159126e-06)
(17, 9.200302883982658e-06)
(18, 9.500421583652496e-06)
(19, 1.0000308975577354e-05)
(20, 1.0600313544273376e-05)
(21, 1.1000316590070724e-05)
(22, 1.1300435289740562e-05)
(23, 1.1800555512309074e-05)
(24, 1.2400560081005096e-05)
(25, 1.3200566172599792e-05)
(26, 1.360056921839714e-05)
(27, 1.4100689440965652e-05)
(28, 1.4700694009661674e-05)
(29, 1.5200581401586533e-05)
(30, 1.5500467270612717e-05)
(31, 1.610047183930874e-05)
(32, 1.680036075413227e-05)
(33, 1.720036379992962e-05)
(34, 1.7700251191854477e-05)
(35, 1.8400372937321663e-05)
(36, 1.8800143152475357e-05)
(37, 1.9200146198272705e-05)
(38, 1.9600149244070053e-05)
(39, 2.00001522898674e-05)
(40, 2.040015533566475e-05)
(41, 2.1200161427259445e-05)
(42, 2.1600164473056793e-05)
(43, 2.240017056465149e-05)
(44, 2.330029383301735e-05)
(45, 2.440018579363823e-05)
(46, 2.4800188839435577e-05)
(47, 2.5600194931030273e-05)
(48, 2.6300083845853806e-05)
(49, 2.6799971237778664e-05)
(50, 2.7399975806474686e-05)
(51, 2.7900096029043198e-05)
(52, 2.8300099074840546e-05)
(53, 2.8800219297409058e-05)
(54, 2.9200222343206406e-05)
(55, 2.9600225389003754e-05)
(56, 3.0100345611572266e-05)
(57, 3.0600233003497124e-05)
(58, 3.1100353226065636e-05)
(59, 3.1600240617990494e-05)
(60, 3.200024366378784e-05)
(61, 3.240024670958519e-05)
(62, 3.280024975538254e-05)
(63, 3.3100368455052376e-05)
(64, 3.3500371500849724e-05)
(65, 3.390037454664707e-05)
(66, 3.4400494769215584e-05)
(67, 3.530038520693779e-05)
(68, 3.6500394344329834e-05)
(69, 3.730040043592453e-05)
(70, 3.8300175219774246e-05)
(71, 4.0700193494558334e-05)
(72, 4.510022699832916e-05)
(73, 4.550023004412651e-05)
(74, 4.650023765861988e-05)
(75, 4.71002422273159e-05)
(76, 4.7900015488266945e-05)
(77, 4.830001853406429e-05)
(78, 4.8800138756632805e-05)
(79, 4.910002462565899e-05)
(80, 4.959991201758385e-05)
(81, 5.129980854690075e-05)
(82, 5.249981768429279e-05)
(83, 5.299970507621765e-05)
(84, 5.3599709644913673e-05)
(85, 5.4299598559737206e-05)
(86, 5.489960312843323e-05)
(87, 5.5299606174230576e-05)
(88, 5.5699609220027924e-05)
(89, 5.609961226582527e-05)
(90, 5.649961531162262e-05)
(91, 5.689961835741997e-05)
(92, 5.7399505749344826e-05)
(93, 5.799951031804085e-05)
(94, 5.849963054060936e-05)
(95, 5.939975380897522e-05)
(96, 5.979975685477257e-05)
(97, 6.0199759900569916e-05)
(98, 6.08998816460371e-05)
(99, 6.140000186860561e-05)
(100, 6.16998877376318e-05)
(101, 6.209989078342915e-05)
(102, 6.24998938292265e-05)
(103, 6.319978274405003e-05)
(104, 6.369990296661854e-05)
(105, 6.409990601241589e-05)
(106, 6.480002775788307e-05)
(107, 6.580003537237644e-05)
(108, 6.84000551700592e-05)
(109, 6.889994256198406e-05)
(110, 6.95998314768076e-05)
(111, 7.099984213709831e-05)
(112, 7.159984670579433e-05)
(113, 7.199984975159168e-05)
(114, 7.229996845126152e-05)
(115, 7.260008715093136e-05)
(116, 7.30000901967287e-05)
(117, 7.340009324252605e-05)
(118, 7.38000962883234e-05)
(119, 7.440010085701942e-05)
(120, 7.490022107958794e-05)
(121, 7.580011151731014e-05)
(122, 7.650023326277733e-05)
(123, 7.720012217760086e-05)
(124, 7.83002469688654e-05)
(125, 7.870025001466274e-05)
(126, 7.910025306046009e-05)
(127, 7.940013892948627e-05)
(128, 7.980014197528362e-05)
(129, 8.020014502108097e-05)
(130, 8.060014806687832e-05)
(131, 8.09000339359045e-05)
(132, 8.150003850460052e-05)
(133, 8.210004307329655e-05)
(134, 8.299993351101875e-05)
(135, 8.399994112551212e-05)
(136, 8.450006134808064e-05)
(137, 8.5500068962574e-05)
(138, 8.579995483160019e-05)
(139, 8.619995787739754e-05)
(140, 8.649984374642372e-05)
(141, 8.67997296154499e-05)
(142, 8.719973266124725e-05)
(143, 8.75997357070446e-05)
(144, 8.809985592961311e-05)
(145, 8.909986354410648e-05)
(146, 9.009987115859985e-05)
(147, 9.04998742043972e-05)
(148, 9.089987725019455e-05)
(149, 9.169988334178925e-05)
(150, 9.20998863875866e-05)
(151, 9.249988943338394e-05)
(152, 9.280000813305378e-05)
(153, 9.360001422464848e-05)
(154, 9.389990009367466e-05)
(155, 9.429990313947201e-05)
(156, 9.469990618526936e-05)
(157, 9.549991227686405e-05)
(158, 9.640003554522991e-05)
(159, 9.720004163682461e-05)
(160, 9.770016185939312e-05)
(161, 9.820028208196163e-05)
(162, 9.860028512775898e-05)
(163, 9.900028817355633e-05)
(164, 9.940029121935368e-05)
(165, 9.980029426515102e-05)
(166, 0.00010020029731094837)
(167, 0.00010070018470287323)
(168, 0.00010140030644834042)
(169, 0.00010190019384026527)
(170, 0.00010320032015442848)
(171, 0.00010500033386051655)
(172, 0.0001067004632204771)
(173, 0.00010770047083497047)
(174, 0.0001083004754036665)
(175, 0.00010890047997236252)
(176, 0.00010950048454105854)
(177, 0.00011010048910975456)
(178, 0.00011040037497878075)
(179, 0.0001108003780245781)
(180, 0.00011140038259327412)
(181, 0.00011220038868486881)
(182, 0.00011390028521418571)
(183, 0.00011450028978288174)
(184, 0.0001150001771748066)
(185, 0.00011690030805766582)
(186, 0.00011750031262636185)
(187, 0.0001180002000182867)
(188, 0.00011840020306408405)
(189, 0.0001188002061098814)
(190, 0.00011920020915567875)
(191, 0.0001196002122014761)
(192, 0.00011990033090114594)
(193, 0.00012020021677017212)
(194, 0.00012060021981596947)
(195, 0.00012120022438466549)
(196, 0.00012220023199915886)
(197, 0.00012270011939108372)
(198, 0.00012330012395977974)
(199, 0.00012390012852847576)
(200, 0.00012450013309717178)
(201, 0.00012490013614296913)
(202, 0.00012520002201199532)
(203, 0.00012550014071166515)
(204, 0.0001259001437574625)
(205, 0.000126400263980031)
(206, 0.00012680026702582836)
(207, 0.00012730038724839687)
(208, 0.0001279003918170929)
(209, 0.0001287003979086876)
(210, 0.00012940051965415478)
(211, 0.00012990040704607964)
(212, 0.000130900414660573)
(213, 0.00013200030662119389)
(214, 0.0001341004390269518)
(215, 0.0001347004435956478)
(216, 0.00013620033860206604)
(217, 0.00013680034317076206)
(218, 0.0001379004679620266)
(219, 0.00013830047100782394)
(220, 0.00013980036601424217)
(221, 0.00014080037362873554)
(222, 0.0001413002610206604)
(223, 0.00014190026558935642)
(224, 0.00014240015298128128)
(225, 0.00014360016211867332)
(226, 0.00014570029452443123)
(227, 0.00014610029757022858)
(228, 0.00014680041931569576)
(229, 0.00015070056542754173)
(230, 0.00015110056847333908)
(231, 0.0001517005730420351)
(232, 0.00015330035239458084)
(233, 0.00015420024283230305)
(234, 0.0001546002458781004)
(235, 0.00015800027176737785)
(236, 0.0001609001774340868)
(237, 0.00016270019114017487)
(238, 0.00016440032050013542)
(239, 0.00016480032354593277)
(240, 0.00016520009376108646)
(241, 0.0001656000968068838)
(242, 0.00016990001313388348)
(243, 0.00017030001617968082)
(244, 0.00017070001922547817)
(245, 0.00017199991270899773)
(246, 0.0001737999264150858)
(247, 0.0001781000755727291)
(248, 0.00017930008471012115)
(249, 0.00018410012125968933)
(250, 0.0001867001410573721)
(251, 0.00018730014562606812)
(252, 0.00018790015019476414)
(253, 0.00018830015324056149)
(254, 0.00018880004063248634)
(255, 0.0001892000436782837)
(256, 0.0001900999341160059)
(257, 0.00019039981998503208)
(258, 0.00019109994173049927)
(259, 0.0001916999462991953)
(260, 0.00019279983825981617)
(261, 0.0001933998428285122)
(262, 0.00019399984739720821)
(263, 0.00019449973478913307)
(264, 0.00019529974088072777)
(265, 0.0001955998595803976)
(266, 0.00019589997828006744)
(267, 0.0001962999813258648)
(268, 0.00019669998437166214)
(269, 0.0001970999874174595)
(270, 0.00019749999046325684)
(271, 0.00019800011068582535)
(272, 0.0001984001137316227)
(273, 0.00019880011677742004)
(274, 0.0001992001198232174)
(275, 0.0001997002400457859)
(276, 0.0002005002461373806)
(277, 0.00020150002092123032)
(278, 0.00020190002396702766)
(279, 0.000202300027012825)
(280, 0.00020280014723539352)
(281, 0.00020320015028119087)
(282, 0.00020360015332698822)
(283, 0.00020410027354955673)
(284, 0.00020480016246438026)
(285, 0.0002055000513792038)
(286, 0.00020750006660819054)
(287, 0.00020890007726848125)
(288, 0.00020990008488297462)
(289, 0.00021059997379779816)
(290, 0.00021110009402036667)
(291, 0.00021150009706616402)
(292, 0.00021190010011196136)
(293, 0.0002123001031577587)
(294, 0.00021270010620355606)
(295, 0.0002131001092493534)
(296, 0.00021350011229515076)
(297, 0.00021450011990964413)
(298, 0.00021500024013221264)
(299, 0.0002155001275241375)
(300, 0.00021590013056993484)
(301, 0.00021640025079250336)
(302, 0.00021720025688409805)
(303, 0.00021800026297569275)
(304, 0.00021880026906728745)
(305, 0.0002192002721130848)
(306, 0.00022030016407370567)
(307, 0.00022080028429627419)
(308, 0.0002217001747339964)
(309, 0.0002222002949565649)
(310, 0.0002444004639983177)
(311, 0.0002454004716128111)
(312, 0.0002495003864169121)
(313, 0.0002553004305809736)
(314, 0.0002674004063010216)
(315, 0.00026840041391551495)
(316, 0.00026900041848421097)
(317, 0.00026980042457580566)
(318, 0.0002705003134906292)
(319, 0.0002711003180593252)
(320, 0.0002714002039283514)
(321, 0.00027240021154284477)
(322, 0.00027270009741187096)
(323, 0.00027439999394118786)
(324, 0.00027600000612437725)
(325, 0.00027779978699982166)
(326, 0.00028419983573257923)
(327, 0.0002856999635696411)
(328, 0.00028779986314475536)
(329, 0.0002907998859882355)
(330, 0.0002937000244855881)
(331, 0.0002941000275313854)
(332, 0.00029499991796910763)
(333, 0.0002970998175442219)
(334, 0.0002995997201651335)
(335, 0.000300699844956398)
(336, 0.00030339998193085194)
(337, 0.00030470010824501514)
(338, 0.00030610011890530586)
(339, 0.00031160004436969757)
(340, 0.0003121001645922661)
(341, 0.0003126002848148346)
(342, 0.00031310017220675945)
(343, 0.00031340005807578564)
(344, 0.000313800061121583)
(345, 0.00031420006416738033)
(346, 0.00031489995308220387)
(347, 0.0003152999561280012)
(348, 0.00031599984504282475)
(349, 0.0003172997385263443)
(350, 0.00031899986788630486)
(351, 0.0003199998755007982)
(352, 0.0003219996578991413)
(353, 0.00032289978116750717)
(354, 0.0003234997857362032)
(355, 0.00032399967312812805)
(356, 0.0003243996761739254)
(357, 0.00032489956356585026)
(358, 0.00032559968531131744)
(359, 0.0003260995727032423)
(360, 0.0003266995772719383)
(361, 0.00032739946618676186)
(362, 0.0003304993733763695)
(363, 0.0003317994996905327)
(364, 0.00033299950882792473)
(365, 0.00033359951339662075)
(366, 0.0003345995210111141)
(367, 0.000335099408403039)
(368, 0.0003355995286256075)
(369, 0.00033609941601753235)
(370, 0.0003364994190633297)
(371, 0.00033689942210912704)
(372, 0.0003373993095010519)
(373, 0.00033789919689297676)
(374, 0.00033939932473003864)
(375, 0.000340399332344532)
(376, 0.0003410994540899992)
(377, 0.0003416994586586952)
(378, 0.0003434994723647833)
(379, 0.0003485996276140213)
(380, 0.00034909951500594616)
(381, 0.00034959963522851467)
(382, 0.00035039964132010937)
(383, 0.0003509996458888054)
(384, 0.00035139964893460274)
(385, 0.00035189976915717125)
(386, 0.0003523996565490961)
(387, 0.00035409978590905666)
(388, 0.00035489979200065136)
(389, 0.0003553996793925762)
(390, 0.0003561996854841709)
(391, 0.0003568998072296381)
(392, 0.0003573999274522066)
(393, 0.00035799993202090263)
(394, 0.00035859993658959866)
(395, 0.00035930005833506584)
(396, 0.00035980017855763435)
(397, 0.0003610001876950264)
(398, 0.00036150007508695126)
(399, 0.0003621000796556473)
(400, 0.0003627000842243433)
(401, 0.0003634002059698105)
(402, 0.00036440021358430386)
(403, 0.0003655003383755684)
(404, 0.0003683003596961498)
(405, 0.00036960048601031303)
(406, 0.0003706004936248064)
(407, 0.0003712004981935024)
(408, 0.0003716005012392998)
(409, 0.0003721006214618683)
(410, 0.00037250062450766563)
(411, 0.0003730005118995905)
(412, 0.000373500632122159)
(413, 0.0003762005362659693)
(414, 0.0003781006671488285)
(415, 0.00038180057890713215)
(416, 0.0003859007265418768)
(417, 0.0003889007493853569)
(418, 0.00039020064286887646)
(419, 0.000391900772228837)
(420, 0.00039550079964101315)
(421, 0.0003981008194386959)
(422, 0.00040000095032155514)
(423, 0.00040110107511281967)
(424, 0.00040190108120441437)
(425, 0.0004026009701192379)
(426, 0.0004032009746879339)
(427, 0.0004049008712172508)
(428, 0.00040550087578594685)
(429, 0.00040610088035464287)
(430, 0.0004066010005772114)
(431, 0.0004072010051459074)
(432, 0.00040790089406073093)
(433, 0.00040850089862942696)
(434, 0.00040920102037489414)
(435, 0.00041010114364326)
(436, 0.0004109011497348547)
(437, 0.00041180127300322056)
(438, 0.00041260127909481525)
(439, 0.00041350116953253746)
(440, 0.00041430117562413216)
(441, 0.000415201298892498)
(442, 0.0004161011893302202)
(443, 0.00041760108433663845)
(444, 0.0004186010919511318)
(445, 0.0004196010995656252)
(446, 0.0004210011102259159)
(447, 0.0004243010189384222)
(448, 0.00042520114220678806)
(449, 0.00042620114982128143)
(450, 0.0004274011589586735)
(451, 0.0004280011635273695)
(452, 0.0004289010539650917)
(453, 0.00042950105853378773)
(454, 0.00043040094897150993)
(455, 0.00043110083788633347)
(456, 0.00043180095963180065)
(457, 0.00043260096572339535)
(458, 0.00043320097029209137)
(459, 0.0004339008592069149)
(460, 0.00043460074812173843)
(461, 0.00043520075269043446)
(462, 0.0004380007740110159)
(463, 0.00043900078162550926)
(464, 0.0004399009048938751)
(465, 0.00044050090946257114)
(466, 0.0004412007983773947)
(467, 0.00044170068576931953)
(468, 0.00044250069186091423)
(469, 0.0004452005960047245)
(470, 0.0004460006020963192)
(471, 0.00044660037383437157)
(472, 0.0004471002612262964)
(473, 0.00044760038144886494)
(474, 0.0004480003844946623)
(475, 0.00044890050776302814)
(476, 0.0004499005153775215)
(477, 0.00045050051994621754)
(478, 0.00045130052603781223)
(479, 0.0004526004195213318)
(480, 0.0004547005519270897)
(481, 0.00045750057324767113)
(482, 0.00045810057781636715)
(483, 0.00045880069956183434)
(484, 0.0004593005869537592)
(485, 0.00045970058999955654)
(486, 0.00046030059456825256)
(487, 0.00046120048500597477)
(488, 0.00046230037696659565)
(489, 0.00046370038762688637)
(490, 0.00046610040590167046)
(491, 0.00047010043635964394)
(492, 0.00047160033136606216)
(493, 0.00047320034354925156)
(494, 0.00047390046529471874)
(495, 0.00047470047138631344)
(496, 0.0004754005931317806)
(497, 0.000476400600746274)
(498, 0.00047700060531497)
(499, 0.0004793007392436266)
(500, 0.0004818006418645382)
(501, 0.00048650079406797886)
(502, 0.0004956007469445467)
(503, 0.0004970007576048374)
(504, 0.0004991006571799517)
(505, 0.0005006007850170135)
(506, 0.0005023006815463305)
(507, 0.0005029006861150265)
(508, 0.0005035006906837225)
(509, 0.0005048008169978857)
(510, 0.0005055009387433529)
(511, 0.0005061009433120489)
(512, 0.0005067009478807449)
(513, 0.0005076010711491108)
(514, 0.0005083009600639343)
(515, 0.0005092008505016565)
(516, 0.0005103009752929211)
(517, 0.0005110008642077446)
(518, 0.0005117007531225681)
(519, 0.0005124008748680353)
(520, 0.0005130008794367313)
(521, 0.0005135007668286562)
(522, 0.0005142008885741234)
(523, 0.0005147010087966919)
(524, 0.0005150011274963617)
(525, 0.0005156011320650578)
(526, 0.0005166011396795511)
(527, 0.0005174011457711458)
(528, 0.0005183012690395117)
(529, 0.0005188011564314365)
(530, 0.0005198011640459299)
(531, 0.0005203010514378548)
(532, 0.000521800946444273)
(533, 0.0005223010666668415)
(534, 0.00052280118688941)
(535, 0.0005233013071119785)
(536, 0.0005239013116806746)
(537, 0.0005244011990725994)
(538, 0.0005249013192951679)
(539, 0.0005256012082099915)
(540, 0.0005271011032164097)
(541, 0.0005277011077851057)
(542, 0.0005283011123538017)
(543, 0.0005290010012686253)
(544, 0.0005296010058373213)
(545, 0.000530401011928916)
(546, 0.0005309008993208408)
(547, 0.0005315009038895369)
(548, 0.0005321009084582329)
(549, 0.0005325009115040302)
(550, 0.0005332008004188538)
(551, 0.0005340008065104485)
(552, 0.0005351006984710693)
(553, 0.0005358008202165365)
(554, 0.0005365009419620037)
(555, 0.0005380010697990656)
(556, 0.0005388010758906603)
(557, 0.0005395011976361275)
(558, 0.000540001317858696)
(559, 0.000540601322427392)
(560, 0.0005616012495011091)
(561, 0.0005802011583000422)
(562, 0.0005994013044983149)
(563, 0.0006167013198137283)
(564, 0.000635301461443305)
(565, 0.0006541016045957804)
(566, 0.0006715015042573214)
(567, 0.0006917016580700874)
(568, 0.0007127018179744482)
(569, 0.0007321017328649759)
(570, 0.0007640018593519926)
(571, 0.0007827018853276968)
(572, 0.0008010019082576036)
(573, 0.000818602042272687)
(574, 0.0008363020606338978)
(575, 0.0008534020744264126)
(576, 0.0008714019786566496)
(577, 0.0008891019970178604)
(578, 0.0009090020321309566)
(579, 0.0009289020672440529)
(580, 0.0009502018801867962)
(581, 0.0009774018544703722)
(582, 0.0010052018333226442)
(583, 0.0010255016386508942)
(584, 0.001043801661580801)
(585, 0.0010621016845107079)
(586, 0.0010801018215715885)
(587, 0.0010982018429785967)
(588, 0.0011162019800394773)
(589, 0.0011340021155774593)
(590, 0.0011530022602528334)
(591, 0.0011711022816598415)
(592, 0.0011888020671904087)
(593, 0.0012133021373301744)
(594, 0.0012327022850513458)
(595, 0.0012511024251580238)
(596, 0.0012702024541795254)
(597, 0.0012909024953842163)
(598, 0.0013157024513930082)
(599, 0.0013335023541003466)
(600, 0.001352002378553152)
(601, 0.0013702025171369314)
(602, 0.0013879025354981422)
(603, 0.001415902515873313)
(604, 0.001521202502772212)
(605, 0.001596302492544055)
(606, 0.0016145026311278343)
(607, 0.00163600267842412)
(608, 0.0016557027120143175)
(609, 0.0016739028505980968)
(610, 0.0016915027517825365)
(611, 0.0017091026529669762)
(612, 0.0017265027854591608)
(613, 0.0017443026881664991)
(614, 0.0017654027324169874)
(615, 0.0017832026351243258)
(616, 0.001801002537831664)
(617, 0.0018203025683760643)
(618, 0.0018390025943517685)
(619, 0.001866702688857913)
(620, 0.0018985026981681585)
(621, 0.0019219026435166597)
(622, 0.0019508027471601963)
(623, 0.0019695027731359005)
(624, 0.0019882027991116047)
(625, 0.0020081026013940573)
(626, 0.0020271027460694313)
(627, 0.002046002773568034)
(628, 0.0020645027980208397)
(629, 0.002083002822473645)
(630, 0.0021020029671490192)
(631, 0.0021383031271398067)
(632, 0.0021613030694425106)
(633, 0.002206603065133095)
(634, 0.002226003212854266)
(635, 0.002252603182569146)
(636, 0.0022725032176822424)
(637, 0.0022919033654034138)
(638, 0.002311303513124585)
(639, 0.0023301036562770605)
(640, 0.0023490036837756634)
(641, 0.0023666038177907467)
(642, 0.0023851036094129086)
(643, 0.002402903512120247)
(644, 0.0024211034178733826)
(645, 0.002446103375405073)
(646, 0.0024711033329367638)
(647, 0.002489703241735697)
(648, 0.002510803285986185)
(649, 0.002528803190216422)
(650, 0.002547103213146329)
(651, 0.0025648032315075397)
(652, 0.002584003144875169)
(653, 0.002602902939543128)
(654, 0.0026321031618863344)
(655, 0.0026508031878620386)
(656, 0.0026768031530082226)
(657, 0.0027117030695080757)
(658, 0.002739202929660678)
(659, 0.00277000293135643)
(660, 0.0028153029270470142)
(661, 0.0028645028360188007)
(662, 0.0028846028726547956)
(663, 0.0029055029153823853)
(664, 0.002924602944403887)
(665, 0.002975302981212735)
(666, 0.00299540301784873)
(667, 0.0030151030514389277)
(668, 0.0030363029800355434)
(669, 0.003057303139939904)
(670, 0.0030873031355440617)
(671, 0.003109003184363246)
(672, 0.0031458032317459583)
(673, 0.0031668031588196754)
(674, 0.0031869031954556704)
(675, 0.0032088030129671097)
(676, 0.0032350029796361923)
(677, 0.003255602903664112)
(678, 0.0032753029372543097)
(679, 0.0032957030925899744)
(680, 0.003315303009003401)
(681, 0.0033376028295606375)
(682, 0.0033681027125567198)
(683, 0.0033881026320159435)
(684, 0.003414302598685026)
(685, 0.0034546025563031435)
(686, 0.003482002532109618)
(687, 0.003516802564263344)
(688, 0.003537202486768365)
(689, 0.00355730252340436)
(690, 0.0035781024489551783)
(691, 0.0036366023123264313)
(692, 0.003658202476799488)
(693, 0.0037131025455892086)
(694, 0.0037371027283370495)
(695, 0.003769602859392762)
(696, 0.0038052028976380825)
(697, 0.0038542028050869703)
(698, 0.0038859026972204447)
(699, 0.00391440256498754)
(700, 0.003947102464735508)
(701, 0.003968002507463098)
(702, 0.003988302545621991)
(703, 0.004009902477264404)
(704, 0.004070002352818847)
(705, 0.004095802316442132)
(706, 0.004118602490052581)
(707, 0.004143902566283941)
(708, 0.00417070253752172)
(709, 0.004197502508759499)
(710, 0.004222602350637317)
(711, 0.0042825022246688604)
(712, 0.004303902154788375)
(713, 0.004325102083384991)
(714, 0.004346102010458708)
(715, 0.0043682020623236895)
(716, 0.004388302098959684)
(717, 0.004409002140164375)
(718, 0.004428602056577802)
(719, 0.0044874020386487246)
(720, 0.004508201964199543)
(721, 0.0045279019977897406)
(722, 0.0045885019935667515)
(723, 0.0046104020439088345)
(724, 0.004631302086636424)
(725, 0.004652402130886912)
(726, 0.004672502167522907)
(727, 0.0046918021980673075)
(728, 0.00471070222556591)
(729, 0.004729902371764183)
(730, 0.004749602405354381)
(731, 0.0048004023265093565)
(732, 0.004823202267289162)
(733, 0.004845702322199941)
(734, 0.004867102252319455)
(735, 0.004887602292001247)
(736, 0.00491110235452652)
(737, 0.004930602386593819)
(738, 0.0049524023197591305)
(739, 0.00497130211442709)
(740, 0.004991402151063085)
(741, 0.00501090195029974)
(742, 0.0050301020964980125)
(743, 0.00504950201138854)
(744, 0.005068501923233271)
(745, 0.005098202032968402)
(746, 0.005119902081787586)
(747, 0.00514050223864615)
(748, 0.005160402273759246)
(749, 0.005179702304303646)
(750, 0.00519840233027935)
(751, 0.005218702368438244)
(752, 0.0052373025100678205)
(753, 0.0052555026486516)
(754, 0.0052735027857124805)
(755, 0.005291202804073691)
(756, 0.0053087028209120035)
(757, 0.005353402812033892)
(758, 0.005375102860853076)
(759, 0.005395503016188741)
(760, 0.0054212030954658985)
(761, 0.005442603258416057)
(762, 0.0054748032707720995)
(763, 0.005493303295224905)
(764, 0.0055112033151090145)
(765, 0.0055296034552156925)
(766, 0.005547703243792057)
(767, 0.00556630315259099)
(768, 0.005584602942690253)
(769, 0.005615302827209234)
(770, 0.0056346028577536345)
(771, 0.0056532027665525675)
(772, 0.0056745028123259544)
(773, 0.005696902750059962)
(774, 0.005738002713769674)
(775, 0.005764702567830682)
(776, 0.005785402609035373)
(777, 0.0058046027552336454)
(778, 0.0058238026686012745)
(779, 0.005843102699145675)
(780, 0.005864402744919062)
(781, 0.005890602711588144)
(782, 0.005911302752792835)
(783, 0.005997402826324105)
(784, 0.006064302753657103)
(785, 0.006084202788770199)
(786, 0.00612090271897614)
(787, 0.0061435026582330465)
(788, 0.006163402693346143)
(789, 0.0061834026128053665)
(790, 0.006206902675330639)
(791, 0.006244202610105276)
(792, 0.006271002581343055)
(793, 0.006295402534306049)
(794, 0.00631440244615078)
(795, 0.006367802387103438)
(796, 0.006411402486264706)
(797, 0.006444002501666546)
(798, 0.006465602433308959)
(799, 0.006592902354896069)
(800, 0.006681202445179224)
(801, 0.006700202357023954)
(802, 0.006719202501699328)
(803, 0.006747102364897728)
(804, 0.006766402395442128)
(805, 0.006798202404752374)
(806, 0.0068165024276822805)
(807, 0.006843202281743288)
(808, 0.006871802266687155)
(809, 0.006972202332690358)
(810, 0.006992402253672481)
(811, 0.007012002170085907)
(812, 0.007037802366539836)
(813, 0.0070583021733909845)
(814, 0.0070906023029237986)
(815, 0.007125502219423652)
(816, 0.007145702140405774)
(817, 0.00716720218770206)
(818, 0.007187002105638385)
(819, 0.007205902133136988)
(820, 0.007308002095669508)
(821, 0.007327502127736807)
(822, 0.007350002182647586)
(823, 0.0073733022436499596)
(824, 0.007393802283331752)
(825, 0.007429302437230945)
(826, 0.007449502358213067)
(827, 0.0074697022791951895)
(828, 0.00748870219103992)
(829, 0.007508202223107219)
(830, 0.007527702255174518)
(831, 0.007546502165496349)
(832, 0.007567401975393295)
(833, 0.007643901975825429)
(834, 0.007665301905944943)
(835, 0.007747102063149214)
(836, 0.007774401921778917)
(837, 0.007794202072545886)
(838, 0.007820602040737867)
(839, 0.007840002188459039)
(840, 0.007859602337703109)
(841, 0.007879502372816205)
(842, 0.00790120242163539)
(843, 0.007920002564787865)
(844, 0.007939502596855164)
(845, 0.007957302732393146)
(846, 0.007981902686879039)
(847, 0.008007602766156197)
(848, 0.008030702592805028)
(849, 0.00807020254433155)
(850, 0.00808970257639885)
(851, 0.008109602611511946)
(852, 0.008128402521833777)
(853, 0.008148702559992671)
(854, 0.008168102474883199)
(855, 0.00818850239738822)
(856, 0.008242402458563447)
(857, 0.00826260237954557)
(858, 0.0082816022913903)
(859, 0.008303502341732383)
(860, 0.008375702193006873)
(861, 0.008395002223551273)
(862, 0.008418902289122343)
(863, 0.008445602376013994)
(864, 0.008471602341160178)
(865, 0.008498202310875058)
(866, 0.008519602473825216)
(867, 0.00853850250132382)
(868, 0.008557202527299523)
(869, 0.008576302556321025)
(870, 0.008595502469688654)
(871, 0.008622202323749661)
(872, 0.008640902349725366)
(873, 0.008661502273753285)
(874, 0.008681402308866382)
(875, 0.008701302343979478)
(876, 0.008720602374523878)
(877, 0.008740502409636974)
(878, 0.008761402452364564)
(879, 0.008781502256169915)
(880, 0.008800702402368188)
(881, 0.008819702314212918)
(882, 0.008838202338665724)
(883, 0.00885810237377882)
(884, 0.008876502281054854)
(885, 0.008904802147299051)
(886, 0.008924501948058605)
(887, 0.008952501928433776)
(888, 0.009005701867863536)
(889, 0.009031401947140694)
(890, 0.009059601929038763)
(891, 0.009079402079805732)
(892, 0.009099002229049802)
(893, 0.009119202150031924)
(894, 0.00913870194926858)
(895, 0.009158601751551032)
(896, 0.009177701780572534)
(897, 0.009196501690894365)
(898, 0.009216601494699717)
(899, 0.009237601421773434)
(900, 0.009256801335141063)
(901, 0.009276901371777058)
(902, 0.009297601412981749)
(903, 0.009321801597252488)
(904, 0.009341401513665915)
(905, 0.009360801661387086)
(906, 0.009380301693454385)
(907, 0.009399401722475886)
(908, 0.009418401634320617)
(909, 0.009437701432034373)
(910, 0.009463701397180557)
(911, 0.00949750142171979)
(912, 0.009516601450741291)
(913, 0.009542901301756501)
(914, 0.009569501271471381)
(915, 0.009590101428329945)
(916, 0.009628901490941644)
(917, 0.009649801533669233)
(918, 0.009670301340520382)
(919, 0.00969000137411058)
(920, 0.009708501165732741)
(921, 0.009728301083669066)
(922, 0.009786701062694192)
(923, 0.009809301001951098)
(924, 0.009830601047724485)
(925, 0.009861300932243466)
(926, 0.00988330109976232)
(927, 0.0099099010694772)
(928, 0.009931401116773486)
(929, 0.009952201042324305)
(930, 0.009977901121601462)
(931, 0.009998401161283255)
(932, 0.010021001333370805)
(933, 0.010298601351678371)
(934, 0.010318901389837265)
(935, 0.010339201427996159)
(936, 0.01035830145701766)
(937, 0.010379701619967818)
(938, 0.010398401645943522)
(939, 0.010421901475638151)
(940, 0.010469201486557722)
(941, 0.010506901424378157)
(942, 0.010526601457968354)
(943, 0.010547001380473375)
(944, 0.01056570140644908)
(945, 0.010585201205685735)
(946, 0.010610901052132249)
(947, 0.010630300967022777)
(948, 0.010667600901797414)
(949, 0.010686700697988272)
(950, 0.010708200512453914)
(951, 0.010727700311690569)
(952, 0.01074810023419559)
(953, 0.010767900384962559)
(954, 0.01084310025908053)
(955, 0.010863300412893295)
(956, 0.010883800452575088)
(957, 0.010903500253334641)
(958, 0.010923100402578712)
(959, 0.010943000437691808)
(960, 0.010962500236928463)
(961, 0.010986000066623092)
(962, 0.0110126999206841)
(963, 0.01104229991324246)
(964, 0.011081599863246083)
(965, 0.011115900008007884)
(966, 0.011139000067487359)
(967, 0.011173200095072389)
(968, 0.011192700127139688)
(969, 0.011211800156161189)
(970, 0.011231500189751387)
(971, 0.01125150010921061)
(972, 0.011271700263023376)
(973, 0.011291300412267447)
(974, 0.011343400459736586)
(975, 0.011373200453817844)
(976, 0.011394900502637029)
(977, 0.011419800575822592)
(978, 0.011460700538009405)
(979, 0.011484300484880805)
(980, 0.011505200294777751)
(981, 0.011524600209668279)
(982, 0.011543800355866551)
(983, 0.011562600266188383)
(984, 0.011581300292164087)
(985, 0.011599900433793664)
(986, 0.01161820045672357)
(987, 0.011639900505542755)
(988, 0.01165830041281879)
(989, 0.01167730032466352)
(990, 0.011698800139129162)
(991, 0.01172260008752346)
(992, 0.011741699883714318)
(993, 0.011763100046664476)
(994, 0.01178530021570623)
(995, 0.011812500189989805)
(996, 0.011831399984657764)
(997, 0.011850500013679266)
(998, 0.011870200047269464)
(999, 0.0118924998678267)
(1000, 0.011913199909031391)
(1001, 0.011944300029426813)
(1002, 0.011973700020462275)
(1003, 0.011997699970379472)
(1004, 0.012017000000923872)
(1005, 0.012049099896103144)
(1006, 0.012068399926647544)
(1007, 0.012087299954146147)
(1008, 0.012106799986213446)
(1009, 0.012126400135457516)
(1010, 0.012147400062531233)
(1011, 0.012168200220912695)
(1012, 0.012190500274300575)
(1013, 0.012233500368893147)
(1014, 0.012255800422281027)
(1015, 0.012280700262635946)
(1016, 0.012300400296226144)
(1017, 0.012320400215685368)
(1018, 0.012340800138190389)
(1019, 0.012362700188532472)
(1020, 0.012382800225168467)
(1021, 0.01240270002745092)
(1022, 0.012422099942341447)
(1023, 0.012450499925762415)
(1024, 0.012470999965444207)
(1025, 0.012493500020354986)
(1026, 0.012515100184828043)
(1027, 0.012536200229078531)
(1028, 0.012558900052681565)
(1029, 0.01257760007865727)
(1030, 0.012598200235515833)
(1031, 0.012617000145837665)
(1032, 0.012636000057682395)
(1033, 0.0126547000836581)
(1034, 0.012673499993979931)
(1035, 0.012692600023001432)
(1036, 0.012717900099232793)
(1037, 0.012737400131300092)
(1038, 0.01277040014974773)
(1039, 0.012797600124031305)
(1040, 0.012825600104406476)
(1041, 0.012845200253650546)
(1042, 0.012865100288763642)
(1043, 0.012884900206699967)
(1044, 0.012904500123113394)
(1045, 0.012926500057801604)
(1046, 0.012946200091391802)
(1047, 0.012966100126504898)
(1048, 0.012987500056624413)
(1049, 0.013006999855861068)
(1050, 0.013032499933615327)
(1051, 0.013052599970251322)
(1052, 0.013073600130155683)
(1053, 0.01309330016374588)
(1054, 0.013113199966028333)
(1055, 0.013133400119841099)
(1056, 0.013152600266039371)
(1057, 0.013172200415283442)
(1058, 0.013191500212997198)
(1059, 0.013210500124841928)
(1060, 0.013228900032117963)
(1061, 0.01324720005504787)
(1062, 0.013269399991258979)
(1063, 0.013289900030940771)
(1064, 0.013309200061485171)
(1065, 0.013332099886611104)
(1066, 0.0133519999217242)
(1067, 0.013371000066399574)
(1068, 0.013389799976721406)
(1069, 0.01340850000269711)
(1070, 0.013427200028672814)
(1071, 0.013446500059217215)
(1072, 0.01346469996497035)
(1073, 0.013483500108122826)
(1074, 0.01350220013409853)
(1075, 0.013538900297135115)
(1076, 0.013559200335294008)
(1077, 0.013581500388681889)
(1078, 0.013610800495371222)
(1079, 0.013630400644615293)
(1080, 0.013649900676682591)
(1081, 0.01366930059157312)
(1082, 0.013693600660189986)
(1083, 0.013723300769925117)
(1084, 0.013742900919169188)
(1085, 0.013762000948190689)
(1086, 0.013780900975689292)
(1087, 0.013799700886011124)
(1088, 0.013823500834405422)
(1089, 0.013843600871041417)
(1090, 0.013863000785931945)
(1091, 0.013882200699299574)
(1092, 0.013902400620281696)
(1093, 0.013922900659963489)
(1094, 0.013941500801593065)
(1095, 0.013960100710391998)
(1096, 0.013979000737890601)
(1097, 0.013998400885611773)
(1098, 0.014017400797456503)
(1099, 0.014061800902709365)
(1100, 0.014082100940868258)
(1101, 0.014104300877079368)
(1102, 0.014124700799584389)
(1103, 0.014260001014918089)
(1104, 0.014282501069828868)
(1105, 0.01430330122821033)
(1106, 0.01437710109166801)
(1107, 0.014475901145488024)
(1108, 0.014507901156321168)
(1109, 0.014536101138219237)
(1110, 0.014555601170286536)
(1111, 0.014576301211491227)
(1112, 0.014624101342633367)
(1113, 0.014648801414296031)
(1114, 0.014670001342892647)
(1115, 0.014699401333928108)
(1116, 0.014720401493832469)
(1117, 0.014741201652213931)
(1118, 0.014763201586902142)
(1119, 0.014784601517021656)
(1120, 0.014805201441049576)
(1121, 0.014825101243332028)
(1122, 0.014853401109576225)
(1123, 0.014874301152303815)
(1124, 0.014915801119059324)
(1125, 0.014936501160264015)
(1126, 0.014986901311203837)
(1127, 0.015007201349362731)
(1128, 0.015027201268821955)
(1129, 0.01504740142263472)
(1130, 0.015067001339048147)
(1131, 0.015086701372638345)
(1132, 0.015107401413843036)
(1133, 0.01512610143981874)
(1134, 0.015145001467317343)
(1135, 0.015164301497861743)
(1136, 0.015183601528406143)
(1137, 0.015203701565042138)
(1138, 0.015223501482978463)
(1139, 0.015242601511999965)
(1140, 0.015261601423844695)
(1141, 0.015280401334166527)
(1142, 0.015298801474273205)
(1143, 0.015318101504817605)
(1144, 0.015337001532316208)
(1145, 0.01535590155981481)
(1146, 0.015374001581221819)
(1147, 0.015398901654407382)
(1148, 0.015418701572343707)
(1149, 0.015440501505509019)
(1150, 0.015461701434105635)
(1151, 0.01548860128968954)
(1152, 0.015508501324802637)
(1153, 0.015548701398074627)
(1154, 0.015568901551887393)
(1155, 0.015603801468387246)
(1156, 0.015623901505023241)
(1157, 0.015644101426005363)
(1158, 0.015663601458072662)
(1159, 0.015685401624068618)
(1160, 0.01570580154657364)
(1161, 0.01572670158930123)
(1162, 0.015767901437357068)
(1163, 0.015789401484653354)
(1164, 0.015814501559361815)
(1165, 0.01584210153669119)
(1166, 0.015893901465460658)
(1167, 0.015917201526463032)
(1168, 0.01595570147037506)
(1169, 0.01597510138526559)
(1170, 0.01599580142647028)
(1171, 0.01601510145701468)
(1172, 0.016037701396271586)
(1173, 0.016057301312685013)
(1174, 0.016078901244327426)
(1175, 0.01611230126582086)
(1176, 0.016149901086464524)
(1177, 0.0162395010702312)
(1178, 0.016260700998827815)
(1179, 0.01629130099900067)
(1180, 0.016314001055434346)
(1181, 0.016333501087501645)
(1182, 0.016363301081582904)
(1183, 0.016397101106122136)
(1184, 0.016426801215857267)
(1185, 0.016528001287952065)
(1186, 0.016551601234823465)
(1187, 0.016615401254966855)
(1188, 0.01663740142248571)
(1189, 0.016659201588481665)
(1190, 0.01668050163425505)
(1191, 0.016701701562851667)
(1192, 0.01672350149601698)
(1193, 0.016759301535785198)
(1194, 0.016781801590695977)
(1195, 0.016829801723361015)
(1196, 0.01685370155610144)
(1197, 0.01687730150297284)
(1198, 0.016898301662877202)
(1199, 0.01691930158995092)
(1200, 0.016940101515501738)
(1201, 0.016967301489785314)
(1202, 0.016987501410767436)
(1203, 0.017008801456540823)
(1204, 0.017031101509928703)
(1205, 0.017053401563316584)
(1206, 0.017120701726526022)
(1207, 0.01714160176925361)
(1208, 0.017185801872983575)
(1209, 0.01720640202984214)
(1210, 0.01722650183364749)
(1211, 0.017246101750060916)
(1212, 0.017266001785174012)
(1213, 0.017285201931372285)
(1214, 0.017304601846262813)
(1215, 0.017323501640930772)
(1216, 0.017345201456919312)
(1217, 0.017423301469534636)
(1218, 0.01744930143468082)
(1219, 0.017475001513957977)
(1220, 0.01749510131776333)
(1221, 0.01751570124179125)
(1222, 0.01754340110346675)
(1223, 0.017564001260325313)
(1224, 0.01759810117073357)
(1225, 0.01761870109476149)
(1226, 0.017662301193922758)
(1227, 0.01768870116211474)
(1228, 0.017711701104417443)
(1229, 0.017772301100194454)
(1230, 0.017809301149100065)
(1231, 0.017830001190304756)
(1232, 0.017850801115855575)
(1233, 0.017872401047497988)
(1234, 0.017893801210448146)
(1235, 0.0179160013794899)
(1236, 0.01793750119395554)
(1237, 0.01796270115301013)
(1238, 0.01799100125208497)
(1239, 0.018129201140254736)
(1240, 0.01815870124846697)
(1241, 0.018202501349151134)
(1242, 0.018224701285362244)
(1243, 0.018246301217004657)
(1244, 0.018269001273438334)
(1245, 0.018292301334440708)
(1246, 0.018314901273697615)
(1247, 0.01833970146253705)
(1248, 0.01836470142006874)
(1249, 0.018389401491731405)
(1250, 0.018412901554256678)
(1251, 0.018436001613736153)
(1252, 0.01845870167016983)
(1253, 0.01848370162770152)
(1254, 0.01850610156543553)
(1255, 0.018528001382946968)
(1256, 0.018549501430243254)
(1257, 0.01857380149886012)
(1258, 0.018597701331600547)
(1259, 0.018621601397171617)
(1260, 0.018645401345565915)
(1261, 0.01867010141722858)
(1262, 0.018692801240831614)
(1263, 0.01877540140412748)
(1264, 0.018797901459038258)
(1265, 0.018819101387634873)
(1266, 0.018839801428839564)
(1267, 0.018860501470044255)
(1268, 0.01888810144737363)
(1269, 0.01891130139119923)
(1270, 0.01893240143544972)
(1271, 0.018996701342985034)
(1272, 0.0190171014983207)
(1273, 0.01903750142082572)
(1274, 0.019057901576161385)
(1275, 0.01907790149562061)
(1276, 0.019097401527687907)
(1277, 0.019117001676931977)
(1278, 0.019136601593345404)
(1279, 0.01915640151128173)
(1280, 0.019181701354682446)
(1281, 0.019201401155442)
(1282, 0.019229901023209095)
(1283, 0.019250401062890887)
(1284, 0.019340900937095284)
(1285, 0.01936080097220838)
(1286, 0.019380901008844376)
(1287, 0.01940010115504265)
(1288, 0.019420201191678643)
(1289, 0.01944000110961497)
(1290, 0.01945960125885904)
(1291, 0.019496101420372725)
(1292, 0.019519001245498657)
(1293, 0.019559501204639673)
(1294, 0.01961920107714832)
(1295, 0.019669700879603624)
(1296, 0.019707800820469856)
(1297, 0.019729900872334838)
(1298, 0.019750500796362758)
(1299, 0.019770400831475854)
(1300, 0.019794200779870152)
(1301, 0.019814400700852275)
(1302, 0.019834000850096345)
(1303, 0.019856300903484225)
(1304, 0.019877200946211815)
(1305, 0.01990950107574463)
(1306, 0.019938501063734293)
(1307, 0.019976701121777296)
(1308, 0.01999690104275942)
(1309, 0.02001910121180117)
(1310, 0.02003940101712942)
(1311, 0.020059601170942187)
(1312, 0.02008770126849413)
(1313, 0.020117701264098287)
(1314, 0.02014970127493143)
(1315, 0.020174401346594095)
(1316, 0.02019450138323009)
(1317, 0.020217501325532794)
(1318, 0.020318101160228252)
(1319, 0.020369400968775153)
(1320, 0.020389700774103403)
(1321, 0.02041130093857646)
(1322, 0.02043080097064376)
(1323, 0.020453301025554538)
(1324, 0.020473701180890203)
(1325, 0.020494001219049096)
(1326, 0.020513901254162192)
(1327, 0.020575501257553697)
(1328, 0.02060880116187036)
(1329, 0.02063540113158524)
(1330, 0.020666201133280993)
(1331, 0.020703101065009832)
(1332, 0.02072570100426674)
(1333, 0.020746500929817557)
(1334, 0.02076700096949935)
(1335, 0.020798300858587027)
(1336, 0.02082120068371296)
(1337, 0.02084210072644055)
(1338, 0.02086570067331195)
(1339, 0.02091760071925819)
(1340, 0.020938100526109338)
(1341, 0.020959200570359826)
(1342, 0.020980000495910645)
(1343, 0.02100150054320693)
(1344, 0.021050200564786792)
(1345, 0.021069800714030862)
(1346, 0.021090000867843628)
(1347, 0.0211092010140419)
(1348, 0.02112880116328597)
(1349, 0.021148601081222296)
(1350, 0.021181301213800907)
(1351, 0.02120620128698647)
(1352, 0.021226901095360518)
(1353, 0.02124730101786554)
(1354, 0.021283701062202454)
(1355, 0.021304301219061017)
(1356, 0.02132450114004314)
(1357, 0.021344201173633337)
(1358, 0.02136630122549832)
(1359, 0.021389401284977794)
(1360, 0.021426201332360506)
(1361, 0.021449701162055135)
(1362, 0.02147200098261237)
(1363, 0.021501000970602036)
(1364, 0.021521901013329625)
(1365, 0.021542401053011417)
(1366, 0.021563600981608033)
(1367, 0.021623901091516018)
(1368, 0.021691201021894813)
(1369, 0.02171440119855106)
(1370, 0.021734201349318027)
(1371, 0.02175420126877725)
(1372, 0.021806701319292188)
(1373, 0.02188910124823451)
(1374, 0.021908201277256012)
(1375, 0.02192740119062364)
(1376, 0.02194970124401152)
(1377, 0.02196780126541853)
(1378, 0.021986501291394234)
(1379, 0.022005101200193167)
(1380, 0.022023601224645972)
(1381, 0.02204330125823617)
(1382, 0.022069301223382354)
(1383, 0.02209620107896626)
(1384, 0.022127101197838783)
(1385, 0.022152101155370474)
(1386, 0.022171701304614544)
(1387, 0.022200901294127107)
(1388, 0.022220601327717304)
(1389, 0.022240001242607832)
(1390, 0.022259601391851902)
(1391, 0.022278901422396302)
(1392, 0.02229810133576393)
(1393, 0.022323201410472393)
(1394, 0.0223456013482064)
(1395, 0.02244650130160153)
(1396, 0.022466601338237524)
(1397, 0.02251200145110488)
(1398, 0.022532201604917645)
(1399, 0.0226291015278548)
(1400, 0.022648501442745328)
(1401, 0.022668001474812627)
(1402, 0.022687001619488)
(1403, 0.02270640153437853)
(1404, 0.02272550156340003)
(1405, 0.022747301496565342)
(1406, 0.02276820153929293)
(1407, 0.022795601515099406)
(1408, 0.022816301323473454)
(1409, 0.022836801363155246)
(1410, 0.022856201278045774)
(1411, 0.022880301345139742)
(1412, 0.022900201380252838)
(1413, 0.02291930140927434)
(1414, 0.0229382012039423)
(1415, 0.02296350128017366)
(1416, 0.02308050123974681)
(1417, 0.023109701462090015)
(1418, 0.02313710143789649)
(1419, 0.023157301591709256)
(1420, 0.023177901515737176)
(1421, 0.023198401555418968)
(1422, 0.02321910159662366)
(1423, 0.02323950151912868)
(1424, 0.023259901674464345)
(1425, 0.02328020171262324)
(1426, 0.023301001638174057)
(1427, 0.023322201566770673)
(1428, 0.02335080155171454)
(1429, 0.02343340148217976)
(1430, 0.02346700127236545)
(1431, 0.023487301310524344)
(1432, 0.02350720134563744)
(1433, 0.02352650137618184)
(1434, 0.02354600140824914)
(1435, 0.023567601572722197)
(1436, 0.023599001578986645)
(1437, 0.02362310141324997)
(1438, 0.023692301474511623)
(1439, 0.023719701450318098)
(1440, 0.023738701594993472)
(1441, 0.023758001625537872)
(1442, 0.023777601774781942)
(1443, 0.023802201729267836)
(1444, 0.023821401642635465)
(1445, 0.023840301670134068)
(1446, 0.02385930181480944)
(1447, 0.023878501961007714)
(1448, 0.023898501880466938)
(1449, 0.02392010181210935)
(1450, 0.02395160193555057)
(1451, 0.02398110181093216)
(1452, 0.024013101821765304)
(1453, 0.024033501744270325)
(1454, 0.02405380178242922)
(1455, 0.024077401729300618)
(1456, 0.02417960180900991)
(1457, 0.024201301857829094)
(1458, 0.024230601964518428)
(1459, 0.024254801915958524)
(1460, 0.02427490195259452)
(1461, 0.024294701870530844)
(1462, 0.024314201902598143)
(1463, 0.024406302021816373)
(1464, 0.024501102045178413)
(1465, 0.024520101957023144)
(1466, 0.024538901867344975)
(1467, 0.02456380194053054)
(1468, 0.02470540185458958)
(1469, 0.024726202012971044)
(1470, 0.02474610204808414)
(1471, 0.024770402116701007)
(1472, 0.02485930221155286)
(1473, 0.024878802243620157)
(1474, 0.025024302070960402)
(1475, 0.0250440021045506)
(1476, 0.025062402244657278)
(1477, 0.02508140215650201)
(1478, 0.025294102262705564)
(1479, 0.025319402338936925)
(1480, 0.025347402319312096)
(1481, 0.025485502323135734)
(1482, 0.02550560235977173)
(1483, 0.025639702333137393)
(1484, 0.02565910224802792)
(1485, 0.02567810215987265)
(1486, 0.02578530227765441)
(1487, 0.0258058023173362)
(1488, 0.025932802353054285)
(1489, 0.025966602377593517)
(1490, 0.025987502420321107)
(1491, 0.02600650256499648)
(1492, 0.026027902495115995)
(1493, 0.026047502411529422)
(1494, 0.02606720244511962)
(1495, 0.026087002363055944)
(1496, 0.026106302393600345)
(1497, 0.02616070257499814)
(1498, 0.026184102753177285)
(1499, 0.026212102733552456)
(1500, 0.02623350266367197)
(1501, 0.026253202697262168)
(1502, 0.02645050291903317)
(1503, 0.02647420298308134)
(1504, 0.026494202902540565)
(1505, 0.026661202777177095)
(1506, 0.0266801028046757)
(1507, 0.026701302733272314)
(1508, 0.026721902657300234)
(1509, 0.026741002686321735)
(1510, 0.026761202607303858)
(1511, 0.026780302403494716)
(1512, 0.026889802422374487)
(1513, 0.026910402346402407)
(1514, 0.026929802261292934)
(1515, 0.027018402237445116)
(1516, 0.027038002153858542)
(1517, 0.02715540211647749)
(1518, 0.027177102165296674)
(1519, 0.027199202217161655)
(1520, 0.027231802232563496)
(1521, 0.027392002288252115)
(1522, 0.027411702321842313)
(1523, 0.02754100225865841)
(1524, 0.027560702292248607)
(1525, 0.027580402325838804)
(1526, 0.027599702356383204)
(1527, 0.027763602323830128)
(1528, 0.02778250235132873)
(1529, 0.027802302269265056)
(1530, 0.02785060228779912)
(1531, 0.027881002286449075)
(1532, 0.02789960242807865)
(1533, 0.02791780256666243)
(1534, 0.02793570258654654)
(1535, 0.027954602614045143)
(1536, 0.02797290263697505)
(1537, 0.02799090277403593)
(1538, 0.02801000257022679)
(1539, 0.028029802720993757)
(1540, 0.02805120265111327)
(1541, 0.028077602852135897)
(1542, 0.02814520290121436)
(1543, 0.028164603048935533)
(1544, 0.02830290305428207)
(1545, 0.028322702972218394)
(1546, 0.028345203027129173)
(1547, 0.028485202929005027)
(1548, 0.028504702728241682)
(1549, 0.028526602778583765)
(1550, 0.02855240274220705)
(1551, 0.028553802520036697)
(1552, 0.02858930267393589)
(1553, 0.02860860270448029)
(1554, 0.028630402870476246)
(1555, 0.028648302890360355)
(1556, 0.028666402911767364)
(1557, 0.028762702830135822)
(1558, 0.02878100285306573)
(1559, 0.028810302959755063)
(1560, 0.028840203071013093)
(1561, 0.02887070318683982)
(1562, 0.028896203031763434)
(1563, 0.028915803181007504)
(1564, 0.02893420308828354)
(1565, 0.028952202992513776)
(1566, 0.028982902877032757)
(1567, 0.029000802896916866)
(1568, 0.029018402798101306)
(1569, 0.029042802983894944)
(1570, 0.029064903035759926)
(1571, 0.029086303198710084)
(1572, 0.029105803230777383)
(1573, 0.029191303066909313)
(1574, 0.02920970320701599)
(1575, 0.029228503117337823)
(1576, 0.02924790303222835)
(1577, 0.02926830295473337)
(1578, 0.029287502868101)
(1579, 0.029310002690181136)
(1580, 0.02933170273900032)
(1581, 0.02935120277106762)
(1582, 0.029374002711847425)
(1583, 0.029397902777418494)
(1584, 0.02941630268469453)
(1585, 0.02950540278106928)
(1586, 0.0295256027020514)
(1587, 0.029544602846726775)
(1588, 0.02956330287270248)
(1589, 0.029582402668893337)
(1590, 0.029606202617287636)
(1591, 0.029646602692082524)
(1592, 0.029674602672457695)
(1593, 0.029694402823224664)
(1594, 0.02971270284615457)
(1595, 0.029737502802163363)
(1596, 0.029881402850151062)
(1597, 0.029900302877649665)
(1598, 0.029948902782052755)
(1599, 0.030032002832740545)
(1600, 0.030053902650251985)
(1601, 0.03012370248325169)
(1602, 0.03015340236015618)
(1603, 0.030202702386304736)
(1604, 0.030315202428027987)
(1605, 0.030590102542191744)
(1606, 0.030610002344474196)
(1607, 0.03067750227637589)
(1608, 0.030697202309966087)
(1609, 0.030722802272066474)
(1610, 0.03081200225278735)
(1611, 0.030834302306175232)
(1612, 0.030854402342811227)
(1613, 0.0308820023201406)
(1614, 0.03091030241921544)
(1615, 0.030994602479040623)
(1616, 0.03101270250044763)
(1617, 0.031030702404677868)
(1618, 0.031048802426084876)
(1619, 0.031067002331838012)
(1620, 0.031103902496397495)
(1621, 0.03127800254151225)
(1622, 0.03129840246401727)
(1623, 0.03141080238856375)
(1624, 0.03147680242545903)
(1625, 0.03149470221251249)
(1626, 0.031581602059304714)
(1627, 0.03159960196353495)
(1628, 0.0317164019215852)
(1629, 0.03179590171203017)
(1630, 0.0318151016253978)
(1631, 0.031837801449000835)
(1632, 0.03193010133691132)
(1633, 0.031951301265507936)
(1634, 0.03197090118192136)
(1635, 0.03199040121398866)
(1636, 0.03201380115933716)
(1637, 0.03220880124717951)
(1638, 0.032228201162070036)
(1639, 0.03224870120175183)
(1640, 0.032287701265886426)
(1641, 0.03239340125583112)
(1642, 0.03241730132140219)
(1643, 0.03259980119764805)
(1644, 0.03262360114604235)
(1645, 0.032643601298332214)
(1646, 0.032662501093000174)
(1647, 0.032681401120498776)
(1648, 0.03270010091364384)
(1649, 0.03294990095309913)
(1650, 0.03298700088635087)
(1651, 0.03316670097410679)
(1652, 0.03326140088029206)
(1653, 0.03328180080279708)
(1654, 0.03336770087480545)
(1655, 0.033385301008820534)
(1656, 0.033403101144358516)
(1657, 0.033498101169243455)
(1658, 0.033579601207748055)
(1659, 0.03366600116714835)
(1660, 0.03368540131486952)
(1661, 0.0337081013713032)
(1662, 0.03373400145210326)
(1663, 0.03376040142029524)
(1664, 0.03386700130067766)
(1665, 0.03388540120795369)
(1666, 0.03397020138800144)
(1667, 0.033988901413977146)
(1668, 0.03401420149020851)
(1669, 0.03410410159267485)
(1670, 0.03412320162169635)
(1671, 0.034142101649194956)
(1672, 0.03417420154437423)
(1673, 0.03419290157034993)
(1674, 0.034230001736432314)
(1675, 0.03424890176393092)
(1676, 0.03434150177054107)
(1677, 0.03436080180108547)
(1678, 0.03438030183315277)
(1679, 0.034399301977828145)
(1680, 0.03442630195058882)
(1681, 0.0344449020922184)
(1682, 0.03446310223080218)
(1683, 0.0344897024333477)
(1684, 0.03451070236042142)
(1685, 0.03453120240010321)
(1686, 0.0345519024413079)
(1687, 0.03465880244038999)
(1688, 0.03468000260181725)
(1689, 0.03478930261917412)
(1690, 0.0348980026319623)
(1691, 0.034919802797958255)
(1692, 0.03494330286048353)
(1693, 0.03509040270000696)
(1694, 0.035183502826839685)
(1695, 0.035204202868044376)
(1696, 0.03532330272719264)
(1697, 0.03534270264208317)
(1698, 0.03536310256458819)
(1699, 0.035383502719923854)
(1700, 0.035418602637946606)
(1701, 0.03550900286063552)
(1702, 0.035596702713519335)
(1703, 0.0356167028658092)
(1704, 0.03563630278222263)
(1705, 0.035656102700158954)
(1706, 0.035675102612003684)
(1707, 0.03569350251927972)
(1708, 0.035712302662432194)
(1709, 0.03573390259407461)
(1710, 0.03575320262461901)
(1711, 0.03577180253341794)
(1712, 0.03585720248520374)
(1713, 0.035875802394002676)
(1714, 0.035895002307370305)
(1715, 0.035914002219215035)
(1716, 0.03593760239891708)
(1717, 0.03598290239460766)
(1718, 0.03600230230949819)
(1719, 0.03605290222913027)
(1720, 0.03617820213548839)
(1721, 0.03619820228777826)
(1722, 0.03630730230361223)
(1723, 0.036327802343294024)
(1724, 0.03634740225970745)
(1725, 0.03636540216393769)
(1726, 0.03638420207425952)
(1727, 0.036402902100235224)
(1728, 0.03653230215422809)
(1729, 0.03659240226261318)
(1730, 0.03668810217641294)
(1731, 0.03670900221914053)
(1732, 0.036727502243593335)
(1733, 0.03681090218015015)
(1734, 0.03682940220460296)
(1735, 0.03686760226264596)
(1736, 0.036886602407321334)
(1737, 0.03690950246527791)
(1738, 0.03693640255369246)
(1739, 0.03697460261173546)
(1740, 0.03699310263618827)
(1741, 0.03701240266673267)
(1742, 0.03703110269270837)
(1743, 0.037050302838906646)
(1744, 0.037069302750751376)
(1745, 0.03709540283307433)
(1746, 0.03712240280583501)
(1747, 0.03715480281971395)
(1748, 0.037174802739173174)
(1749, 0.037199802696704865)
(1750, 0.03722240263596177)
(1751, 0.03724100277759135)
(1752, 0.03733630268834531)
(1753, 0.03735640272498131)
(1754, 0.03737530275247991)
(1755, 0.03739450266584754)
(1756, 0.037445602705702186)
(1757, 0.03746820264495909)
(1758, 0.03748950269073248)
(1759, 0.037645402597263455)
(1760, 0.03779290267266333)
(1761, 0.03781260270625353)
(1762, 0.03783480287529528)
(1763, 0.0378556028008461)
(1764, 0.037874402943998575)
(1765, 0.0378938028588891)
(1766, 0.03795970301143825)
(1767, 0.0380570029374212)
(1768, 0.03808540292084217)
(1769, 0.03832360287196934)
(1770, 0.03834320278838277)
(1771, 0.03843030263669789)
(1772, 0.03845260269008577)
(1773, 0.038472102489322424)
(1774, 0.038493902422487736)
(1775, 0.038750202395021915)
(1776, 0.03877020254731178)
(1777, 0.03879000269807875)
(1778, 0.038877902552485466)
(1779, 0.03889770247042179)
(1780, 0.03891760250553489)
(1781, 0.03893630253151059)
(1782, 0.039021802600473166)
(1783, 0.03904180275276303)
(1784, 0.03906730283051729)
(1785, 0.0390858028549701)
(1786, 0.039176102727651596)
(1787, 0.039274302776902914)
(1788, 0.03929400281049311)
(1789, 0.03939100285060704)
(1790, 0.03940950287505984)
(1791, 0.03942870278842747)
(1792, 0.03959810268133879)
(1793, 0.03962390264496207)
(1794, 0.0396435025613755)
(1795, 0.039676502579823136)
(1796, 0.039706802694126964)
(1797, 0.03972530271857977)
(1798, 0.03974440274760127)
(1799, 0.03976540267467499)
(1800, 0.03985390276648104)
(1801, 0.039872702676802874)
(1802, 0.03990270267240703)
(1803, 0.03992840275168419)
(1804, 0.04006820288486779)
(1805, 0.04010800295509398)
(1806, 0.04012850299477577)
(1807, 0.04023880301974714)
(1808, 0.040328503120690584)
(1809, 0.04034870327450335)
(1810, 0.040531803388148546)
(1811, 0.04068610328249633)
(1812, 0.04070720332674682)
(1813, 0.04072790336795151)
(1814, 0.0407486034091562)
(1815, 0.0407687034457922)
(1816, 0.04078930360265076)
(1817, 0.04080780362710357)
(1818, 0.04087530355900526)
(1819, 0.04096890357322991)
(1820, 0.041079203598201275)
(1821, 0.041104503674432635)
(1822, 0.04119690367951989)
(1823, 0.0413306038826704)
(1824, 0.04140970390290022)
(1825, 0.04143020394258201)
(1826, 0.0415176039095968)
(1827, 0.04153680382296443)
(1828, 0.041560204001143575)
(1829, 0.04158130404539406)
(1830, 0.04172430420294404)
(1831, 0.04174530413001776)
(1832, 0.041763104032725096)
(1833, 0.041780603816732764)
(1834, 0.04179980373010039)
(1835, 0.041817803867161274)
(1836, 0.041835203766822815)
(1837, 0.04185380367562175)
(1838, 0.04187850351445377)
(1839, 0.042010703356936574)
(1840, 0.04203170328401029)
(1841, 0.042306503280997276)
(1842, 0.04241820331662893)
(1843, 0.04243720322847366)
(1844, 0.042458903044462204)
(1845, 0.04255880299024284)
(1846, 0.04263480310328305)
(1847, 0.04272610298357904)
(1848, 0.042753502959385514)
(1849, 0.04285040288232267)
(1850, 0.04287100280635059)
(1851, 0.04296130291186273)
(1852, 0.04298030282370746)
(1853, 0.04301010281778872)
(1854, 0.043036102782934904)
(1855, 0.04305610270239413)
(1856, 0.04314480256289244)
(1857, 0.04316940251737833)
(1858, 0.04332450241781771)
(1859, 0.043343702564015985)
(1860, 0.043432502541691065)
(1861, 0.043452002573758364)
(1862, 0.043474102625623345)
(1863, 0.04353070259094238)
(1864, 0.04355300264433026)
(1865, 0.043594302609562874)
(1866, 0.04361320263706148)
(1867, 0.04363160254433751)
(1868, 0.04365530260838568)
(1869, 0.04378290264867246)
(1870, 0.04380100267007947)
(1871, 0.043886302737519145)
(1872, 0.044022902846336365)
(1873, 0.04405790288001299)
(1874, 0.04408540274016559)
(1875, 0.04428870277479291)
(1876, 0.04430790292099118)
(1877, 0.04432750283740461)
(1878, 0.044346902752295136)
(1879, 0.04450610280036926)
(1880, 0.04452610295265913)
(1881, 0.04454510286450386)
(1882, 0.04468860290944576)
(1883, 0.04470830294303596)
(1884, 0.04474850301630795)
(1885, 0.0448852030094713)
(1886, 0.04490460315719247)
(1887, 0.04492260329425335)
(1888, 0.04494030331261456)
(1889, 0.04495880310423672)
(1890, 0.04498400306329131)
(1891, 0.04500330309383571)
(1892, 0.04502310324460268)
(1893, 0.04519190336577594)
(1894, 0.04521110327914357)
(1895, 0.04522880329750478)
(1896, 0.0452500032261014)
(1897, 0.04527380340732634)
(1898, 0.04540270334109664)
(1899, 0.04542590328492224)
(1900, 0.04544720333069563)
(1901, 0.04546560347080231)
(1902, 0.04548700340092182)
(1903, 0.04557280335575342)
(1904, 0.04559260350652039)
(1905, 0.045676203444600105)
(1906, 0.04579310351982713)
(1907, 0.04597810353152454)
(1908, 0.046035503735765815)
(1909, 0.046054703649133444)
(1910, 0.046137803699821234)
(1911, 0.04622680367901921)
(1912, 0.046247003600001335)
(1913, 0.046264903619885445)
(1914, 0.04628340364433825)
(1915, 0.04639000375755131)
(1916, 0.04641490359790623)
(1917, 0.04643910354934633)
(1918, 0.046457503689453006)
(1919, 0.04647650383412838)
(1920, 0.04649580386467278)
(1921, 0.04651470389217138)
(1922, 0.046533603919669986)
(1923, 0.04656020412221551)
(1924, 0.04664440406486392)
(1925, 0.04667110415175557)
(1926, 0.046692804200574756)
(1927, 0.046712004113942385)
(1928, 0.0467521040700376)
(1929, 0.046771304216235876)
(1930, 0.046817604219540954)
(1931, 0.046952304197475314)
(1932, 0.046971604228019714)
(1933, 0.04702870408073068)
(1934, 0.04704800411127508)
(1935, 0.04706940404139459)
(1936, 0.04708860395476222)
(1937, 0.047283303923904896)
(1938, 0.0473024039529264)
(1939, 0.0473215039819479)
(1940, 0.047343803802505136)
(1941, 0.04744740389287472)
(1942, 0.047473203856498)
(1943, 0.047680503921583295)
(1944, 0.04770020395517349)
(1945, 0.047723603900521994)
(1946, 0.04774320381693542)
(1947, 0.04776210384443402)
(1948, 0.0477809039875865)
(1949, 0.04781220410950482)
(1950, 0.04783580405637622)
(1951, 0.047968104016035795)
(1952, 0.04806350381113589)
(1953, 0.048084203619509935)
(1954, 0.048172703478485346)
(1955, 0.04819330363534391)
(1956, 0.04821180342696607)
(1957, 0.0482456034515053)
(1958, 0.0482659034896642)
(1959, 0.048288303427398205)
(1960, 0.04831610340625048)
(1961, 0.04840430337935686)
(1962, 0.048424503300338984)
(1963, 0.048443703446537256)
(1964, 0.04846330336295068)
(1965, 0.04860310326330364)
(1966, 0.04862190340645611)
(1967, 0.04864150355570018)
(1968, 0.048660603584721684)
(1969, 0.0486818035133183)
(1970, 0.0487013035453856)
(1971, 0.04878700361587107)
(1972, 0.048805903643369675)
(1973, 0.048828203696757555)
(1974, 0.048940603621304035)
(1975, 0.04901000368408859)
(1976, 0.04919810360297561)
(1977, 0.0492182036396116)
(1978, 0.04933040356263518)
(1979, 0.04935200372710824)
(1980, 0.04937170376069844)
(1981, 0.049391403794288635)
(1982, 0.04964250372722745)
(1983, 0.04966610367409885)
(1984, 0.049773203674703836)
(1985, 0.049796003848314285)
(1986, 0.049918803852051497)
(1987, 0.04993900400586426)
(1988, 0.04995760414749384)
(1989, 0.04997950419783592)
(1990, 0.04999940423294902)
(1991, 0.05002660444006324)
(1992, 0.05004690424539149)
(1993, 0.05006720428355038)
(1994, 0.050154104363173246)
(1995, 0.05017390428110957)
(1996, 0.050322604132816195)
(1997, 0.05034160427749157)
(1998, 0.050363304326310754)
(1999, 0.050463904393836856)
(2000, 0.050501304445788264)
(2001, 0.050521904369816184)
(2002, 0.050542504293844104)
(2003, 0.050705304369330406)
(2004, 0.05072530428878963)
(2005, 0.05074540409259498)
(2006, 0.05077220406383276)
(2007, 0.05079150409437716)
(2008, 0.050824704114347696)
(2009, 0.05090410425327718)
(2010, 0.05093740439042449)
(2011, 0.050957004306837916)
(2012, 0.05097640445455909)
(2013, 0.051027504494413733)
(2014, 0.05111580458469689)
(2015, 0.05113620450720191)
(2016, 0.051211404614150524)
(2017, 0.051258504623547196)
(2018, 0.05127890454605222)
(2019, 0.051402304554358125)
(2020, 0.05142240459099412)
(2021, 0.051513504702597857)
(2022, 0.05153350462205708)
(2023, 0.05166560458019376)
(2024, 0.05195480468682945)
(2025, 0.05204830481670797)
(2026, 0.05214150482788682)
(2027, 0.05216120486147702)
(2028, 0.05218030489049852)
(2029, 0.052198804914951324)
(2030, 0.052290604915469885)
(2031, 0.05230930494144559)
(2032, 0.05233430489897728)
(2033, 0.05236360477283597)
(2034, 0.05238590482622385)
(2035, 0.0524713050108403)
(2036, 0.052622704999521375)
(2037, 0.05270840507000685)
(2038, 0.05272660497575998)
(2039, 0.05274510500021279)
(2040, 0.052763905143365264)
(2041, 0.05278280517086387)
(2042, 0.052981205051764846)
(2043, 0.05302120512351394)
(2044, 0.053039605263620615)
(2045, 0.05305990530177951)
(2046, 0.053078405326232314)
(2047, 0.05309740547090769)
(2048, 0.053126005455851555)
(2049, 0.05326030566357076)
(2050, 0.05328130559064448)
(2051, 0.05332310567609966)
(2052, 0.053344405721873045)
(2053, 0.05336460564285517)
(2054, 0.053384105674922466)
(2055, 0.053403805708512664)
(2056, 0.05342370574362576)
(2057, 0.05352590559050441)
(2058, 0.053547305753454566)
(2059, 0.05357560561969876)
(2060, 0.05359560553915799)
(2061, 0.05371810542419553)
(2062, 0.053737805457785726)
(2063, 0.053757305489853024)
(2064, 0.053842105669900775)
(2065, 0.053861205698922276)
(2066, 0.053880705730989575)
(2067, 0.05390500579960644)
(2068, 0.05396790592931211)
(2069, 0.05408200598321855)
(2070, 0.05410100589506328)
(2071, 0.05412010592408478)
(2072, 0.0542612059507519)
(2073, 0.054281205870211124)
(2074, 0.054345306009054184)
(2075, 0.054424406029284)
(2076, 0.05445090588182211)
(2077, 0.054559605894610286)
(2078, 0.05457840603776276)
(2079, 0.05466460599564016)
(2080, 0.054684506030753255)
(2081, 0.05480380612425506)
(2082, 0.05482620606198907)
(2083, 0.05487100617028773)
(2084, 0.05489170621149242)
(2085, 0.054910206235945225)
(2086, 0.05492890626192093)
(2087, 0.054948806297034025)
(2088, 0.05496790632605553)
(2089, 0.05498630623333156)
(2090, 0.05508220614865422)
(2091, 0.05510440608486533)
(2092, 0.0551324060652405)
(2093, 0.055221606278792024)
(2094, 0.055240606190636754)
(2095, 0.055261506233364344)
(2096, 0.05528150615282357)
(2097, 0.05530210607685149)
(2098, 0.05534160602837801)
(2099, 0.05546040600165725)
(2100, 0.055480306036770344)
(2101, 0.05549980606883764)
(2102, 0.05552520602941513)
(2103, 0.05554310604929924)
(2104, 0.05556190595962107)
(2105, 0.05558100575581193)
(2106, 0.05560420569963753)
(2107, 0.05563270556740463)
(2108, 0.05566920549608767)
(2109, 0.055753205670043826)
(2110, 0.05577330570667982)
(2111, 0.05579080572351813)
(2112, 0.05588900553993881)
(2113, 0.05590870534069836)
(2114, 0.055929005378857255)
(2115, 0.055962705286219716)
(2116, 0.056307805236428976)
(2117, 0.0563276051543653)
(2118, 0.056546705309301615)
(2119, 0.05665390519425273)
(2120, 0.056674005230888724)
(2121, 0.056693405378609896)
(2122, 0.056713205529376864)
(2123, 0.0567355053499341)
(2124, 0.05685690534301102)
(2125, 0.0568753054831177)
(2126, 0.05689390539191663)
(2127, 0.05691380542702973)
(2128, 0.05693190544843674)
(2129, 0.05695080547593534)
(2130, 0.05697030550800264)
(2131, 0.05703450529836118)
(2132, 0.05721760541200638)
(2133, 0.057237605564296246)
(2134, 0.05725570535287261)
(2135, 0.057274105260148644)
(2136, 0.05729270516894758)
(2137, 0.05731160519644618)
(2138, 0.05733270524069667)
(2139, 0.05744680529460311)
(2140, 0.05747790518216789)
(2141, 0.057730505242943764)
(2142, 0.057793905260041356)
(2143, 0.057812905171886086)
(2144, 0.05789550533518195)
(2145, 0.05808090534992516)
(2146, 0.0582379053812474)
(2147, 0.05827230541035533)
(2148, 0.05829330533742905)
(2149, 0.058311405358836055)
(2150, 0.05832940526306629)
(2151, 0.05841500521637499)
(2152, 0.05843320535495877)
(2153, 0.05845890543423593)
(2154, 0.058523405343294144)
(2155, 0.05854430538602173)
(2156, 0.0585725053679198)
(2157, 0.05859070527367294)
(2158, 0.058615005342289805)
(2159, 0.05863320524804294)
(2160, 0.058652105275541544)
(2161, 0.05867340532131493)
(2162, 0.05870040529407561)
(2163, 0.05872180522419512)
(2164, 0.05874680518172681)
(2165, 0.058765705209225416)
(2166, 0.05878600524738431)
(2167, 0.05880480515770614)
(2168, 0.05882400507107377)
(2169, 0.05885400506667793)
(2170, 0.05888820509426296)
(2171, 0.05891760508529842)
(2172, 0.05893820500932634)
(2173, 0.058962104842066765)
(2174, 0.058981104753911495)
(2175, 0.05900330492295325)
(2176, 0.059080904815346)
(2177, 0.059104204876348376)
(2178, 0.05913020484149456)
(2179, 0.05915530491620302)
(2180, 0.05923850485123694)
(2181, 0.059369204798713326)
(2182, 0.05951810465194285)
(2183, 0.059536504559218884)
(2184, 0.05955520458519459)
(2185, 0.05959980469197035)
(2186, 0.05981850461103022)
(2187, 0.0598369047511369)
(2188, 0.05994660477153957)
(2189, 0.05996610480360687)
(2190, 0.05998480482958257)
(2191, 0.060071904910728335)
(2192, 0.06009380496107042)
(2193, 0.06025370513089001)
(2194, 0.06028000498190522)
(2195, 0.0602986051235348)
(2196, 0.060318505158647895)
(2197, 0.06033690529875457)
(2198, 0.06041940534487367)
(2199, 0.06063270545564592)
(2200, 0.060763705521821976)
(2201, 0.06078710570000112)
(2202, 0.06080880551598966)
(2203, 0.0610095055308193)
(2204, 0.06103830551728606)
(2205, 0.06105790566653013)
(2206, 0.06107770558446646)
(2207, 0.061205705627799034)
(2208, 0.061338905710726976)
(2209, 0.06141090579330921)
(2210, 0.06143080582842231)
(2211, 0.06145020597614348)
(2212, 0.06147010577842593)
(2213, 0.06155670573934913)
(2214, 0.061576405772939324)
(2215, 0.061614505713805556)
(2216, 0.061633805744349957)
(2217, 0.06165450578555465)
(2218, 0.061675805831328034)
(2219, 0.06169460597448051)
(2220, 0.06184550607576966)
(2221, 0.06186340609565377)
(2222, 0.0618824060074985)
(2223, 0.06190080591477454)
(2224, 0.06192560587078333)
(2225, 0.06201760587282479)
(2226, 0.062036006012931466)
(2227, 0.06218070606701076)
(2228, 0.062201905995607376)
(2229, 0.06235670601017773)
(2230, 0.06241220608353615)
(2231, 0.062433406012132764)
(2232, 0.062467305921018124)
(2233, 0.0626047058030963)
(2234, 0.06262540584430099)
(2235, 0.06264410587027669)
(2236, 0.06266780593432486)
(2237, 0.06268710596486926)
(2238, 0.06270780600607395)
(2239, 0.06272770604118705)
(2240, 0.06274810596369207)
(2241, 0.06277550593949854)
(2242, 0.06279380596242845)
(2243, 0.06281300610862672)
(2244, 0.06283280602656305)
(2245, 0.06285150605253875)
(2246, 0.06287550600245595)
(2247, 0.06290420587174594)
(2248, 0.06293050572276115)
(2249, 0.06305010570213199)
(2250, 0.06306880572810769)
(2251, 0.06310000573284924)
(2252, 0.06312250555492938)
(2253, 0.06314130546525121)
(2254, 0.0631657054182142)
(2255, 0.06319220550358295)
(2256, 0.06321160541847348)
(2257, 0.06331890542060137)
(2258, 0.06333850556984544)
(2259, 0.06335880560800433)
(2260, 0.06337810563854873)
(2261, 0.06362380553036928)
(2262, 0.06371570541523397)
(2263, 0.06373820547014475)
(2264, 0.06375760561786592)
(2265, 0.06377670564688742)
(2266, 0.06379660568200052)
(2267, 0.0638181057292968)
(2268, 0.06383680575527251)
(2269, 0.06396700558252633)
(2270, 0.06399370543658733)
(2271, 0.06401600548997521)
(2272, 0.06409120536409318)
(2273, 0.06411130516789854)
(2274, 0.06413120520301163)
(2275, 0.06414980511181056)
(2276, 0.06418140511959791)
(2277, 0.06420160504058003)
(2278, 0.06422830512747169)
(2279, 0.06425250507891178)
(2280, 0.06427180510945618)
(2281, 0.06429100502282381)
(2282, 0.06438020500354469)
(2283, 0.06439920514822006)
(2284, 0.06448700511828065)
(2285, 0.06450900505296886)
(2286, 0.06459760502912104)
(2287, 0.06473500514402986)
(2288, 0.06475720508024096)
(2289, 0.064847705187276)
(2290, 0.06486600521020591)
(2291, 0.06488890526816249)
(2292, 0.0649074052926153)
(2293, 0.0649253053124994)
(2294, 0.06495740520767868)
(2295, 0.06498580519109964)
(2296, 0.06500560510903597)
(2297, 0.0651063050609082)
(2298, 0.06512610497884452)
(2299, 0.06525130500085652)
(2300, 0.06527070491574705)
(2301, 0.06528960494324565)
(2302, 0.06531110499054193)
(2303, 0.06539790495298803)
(2304, 0.06541760498657823)
(2305, 0.0654497048817575)
(2306, 0.06546840467490256)
(2307, 0.06555190472863615)
(2308, 0.06561960489489138)
(2309, 0.06565220491029322)
(2310, 0.06567460508085787)
(2311, 0.06569290510378778)
(2312, 0.06571160512976348)
(2313, 0.06583350524306297)
(2314, 0.06590720522217453)
(2315, 0.06598740513436496)
(2316, 0.06617450527846813)
(2317, 0.06622440530918539)
(2318, 0.0662704051937908)
(2319, 0.06648930511437356)
(2320, 0.06650800514034927)
(2321, 0.06653500511310995)
(2322, 0.06655460526235402)
(2323, 0.06657330528832972)
(2324, 0.06669000536203384)
(2325, 0.06671180529519916)
(2326, 0.06673080543987453)
(2327, 0.06683940556831658)
(2328, 0.06692480552010238)
(2329, 0.06694310531020164)
(2330, 0.06706570531241596)
(2331, 0.06716850539669394)
(2332, 0.06718870531767607)
(2333, 0.06721650529652834)
(2334, 0.06725450535304844)
(2335, 0.06728160544298589)
(2336, 0.06729960558004677)
(2337, 0.06732180551625788)
(2338, 0.06740720546804368)
(2339, 0.0674286053981632)
(2340, 0.06745100556872785)
(2341, 0.06776540540158749)
(2342, 0.06785520538687706)
(2343, 0.06792290532030165)
(2344, 0.06794090545736253)
(2345, 0.06802980531938374)
(2346, 0.06811720528639853)
(2347, 0.06813750532455742)
(2348, 0.06815870525315404)
(2349, 0.06817820528522134)
(2350, 0.0682735051959753)
(2351, 0.06829140521585941)
(2352, 0.0684262050781399)
(2353, 0.0684449051041156)
(2354, 0.06846310524269938)
(2355, 0.06848270515911281)
(2356, 0.06850180518813431)
(2357, 0.06854430516250432)
(2358, 0.06874930509366095)
(2359, 0.06883500493131578)
(2360, 0.06885410496033728)
(2361, 0.06887250510044396)
(2362, 0.06889270502142608)
(2363, 0.06893000495620072)
(2364, 0.06903920485638082)
(2365, 0.06905970489606261)
(2366, 0.06917210482060909)
(2367, 0.0691902048420161)
(2368, 0.06920920498669147)
(2369, 0.0692290049046278)
(2370, 0.06924970494583249)
(2371, 0.06926900497637689)
(2372, 0.06933550490066409)
(2373, 0.06949610495939851)
(2374, 0.0695158049929887)
(2375, 0.06953520514070988)
(2376, 0.06955430516973138)
(2377, 0.06967950519174337)
(2378, 0.06970560504123569)
(2379, 0.06972570507787168)
(2380, 0.06975370505824685)
(2381, 0.06986920512281358)
(2382, 0.07023310521617532)
(2383, 0.07025980507023633)
(2384, 0.07049770513549447)
(2385, 0.07058090530335903)
(2386, 0.07060060533694923)
(2387, 0.07068710518069565)
(2388, 0.07070610509254038)
(2389, 0.07072550524026155)
(2390, 0.07081100530922413)
(2391, 0.07084300532005727)
(2392, 0.07093430543318391)
(2393, 0.0709550054743886)
(2394, 0.07097860542126)
(2395, 0.07133300555869937)
(2396, 0.07144060544669628)
(2397, 0.07145940558984876)
(2398, 0.07163190562278032)
(2399, 0.07165350578725338)
(2400, 0.07182710571214557)
(2401, 0.07185280555859208)
(2402, 0.0718884055968374)
(2403, 0.0719075056258589)
(2404, 0.07193490560166538)
(2405, 0.07195560564287007)
(2406, 0.07197490567341447)
(2407, 0.07199300569482148)
(2408, 0.07201180560514331)
(2409, 0.07203110563568771)
(2410, 0.07205000566318631)
(2411, 0.07206980581395328)
(2412, 0.07208820595405996)
(2413, 0.07211520592682064)
(2414, 0.07213620585389435)
(2415, 0.07215540600009263)
(2416, 0.07228540605865419)
(2417, 0.07230340596288443)
(2418, 0.07238310598768294)
(2419, 0.07240120600908995)
(2420, 0.07258160598576069)
(2421, 0.07264490611851215)
(2422, 0.07266370602883399)
(2423, 0.07269450603052974)
(2424, 0.07271290593780577)
(2425, 0.07281310600228608)
(2426, 0.07283230614848435)
(2427, 0.07285080617293715)
(2428, 0.07286920631304383)
(2429, 0.07295110635459423)
(2430, 0.0729699064977467)
(2431, 0.07306610653176904)
(2432, 0.07308550667949021)
(2433, 0.07310440670698881)
(2434, 0.07312230672687292)
(2435, 0.07314060674980283)
(2436, 0.07322410680353642)
(2437, 0.07329780701547861)
(2438, 0.07345850695855916)
(2439, 0.07353900698944926)
(2440, 0.07355690700933337)
(2441, 0.07367760711349547)
(2442, 0.0736962070222944)
(2443, 0.07372400700114667)
(2444, 0.07380690705031157)
(2445, 0.0738259069621563)
(2446, 0.07405690685845912)
(2447, 0.07407550676725805)
(2448, 0.07409610669128597)
(2449, 0.07411420647986233)
(2450, 0.0741332066245377)
(2451, 0.0741525066550821)
(2452, 0.0741734066978097)
(2453, 0.07420210679993033)
(2454, 0.0742028069216758)
(2455, 0.07420350704342127)
(2456, 0.07420410704798996)
(2457, 0.07420480693690479)
(2458, 0.07420560694299638)
(2459, 0.07420640694908798)
(2460, 0.07430560700595379)
(2461, 0.07433060696348548)
(2462, 0.07434870698489249)
(2463, 0.0743670070078224)
(2464, 0.07438640715554357)
(2465, 0.07447870704345405)
(2466, 0.07450040685944259)
(2467, 0.07457480696029961)
(2468, 0.07459890702739358)
(2469, 0.0745996069163084)
(2470, 0.07460030680522323)
(2471, 0.0746008069254458)
(2472, 0.07460190681740642)
(2473, 0.07460290682502091)
(2474, 0.0746037068311125)
(2475, 0.07460440695285797)
(2476, 0.0746049068402499)
(2477, 0.07460550684481859)
(2478, 0.07462450675666332)
(2479, 0.07464240654371679)
(2480, 0.07466060668230057)
(2481, 0.07468200684525073)
(2482, 0.0747014069929719)
(2483, 0.0747211070265621)
(2484, 0.07486730697564781)
(2485, 0.07488690712489188)
(2486, 0.07490780716761947)
(2487, 0.07493120734579861)
(2488, 0.0749515073839575)
(2489, 0.07497190730646253)
(2490, 0.07513120723888278)
(2491, 0.07515130704268813)
(2492, 0.07524220715276897)
(2493, 0.07526500709354877)
(2494, 0.07529480708763003)
(2495, 0.07539380714297295)
(2496, 0.07541300705634058)
(2497, 0.07543250708840787)
(2498, 0.07545050699263811)
(2499, 0.07546950713731349)
(2500, 0.07548920717090368)
(2501, 0.07557010720483959)
(2502, 0.07560410723090172)
(2503, 0.07564510707743466)
(2504, 0.07571190688759089)
(2505, 0.07580070686526597)
(2506, 0.07582050701603293)
(2507, 0.0758397071622312)
(2508, 0.07591350702568889)
(2509, 0.0759456071536988)
(2510, 0.07597520714625716)
(2511, 0.076058906968683)
(2512, 0.07607880677096546)
(2513, 0.07630310696549714)
(2514, 0.07650730712339282)
(2515, 0.07653250708244741)
(2516, 0.07655410701408982)
(2517, 0.0767919069621712)
(2518, 0.07681340677663684)
(2519, 0.07683200668543577)
(2520, 0.07685310649685562)
(2521, 0.0768717066384852)
(2522, 0.07706480659544468)
(2523, 0.07715800660662353)
(2524, 0.07717750640586019)
(2525, 0.07719710632227361)
(2526, 0.07723170635290444)
(2527, 0.07725040637888014)
(2528, 0.07732530636712909)
(2529, 0.07741360645741224)
(2530, 0.07743820641189814)
(2531, 0.07745680632069707)
(2532, 0.07747570634819567)
(2533, 0.07756020640954375)
(2534, 0.07757880655117333)
(2535, 0.0775976066943258)
(2536, 0.07762530678883195)
(2537, 0.07764460681937635)
(2538, 0.07767000677995384)
(2539, 0.07775250682607293)
(2540, 0.07777060684747994)
(2541, 0.07778940675780177)
(2542, 0.0778080066666007)
(2543, 0.07782670669257641)
(2544, 0.07808960671536624)
(2545, 0.07811410655267537)
(2546, 0.07813400658778846)
(2547, 0.07822120655328035)
(2548, 0.07823990657925606)
(2549, 0.07826470653526485)
(2550, 0.0782854063436389)
(2551, 0.0783086062874645)
(2552, 0.07848870637826622)
(2553, 0.07850730628706515)
(2554, 0.07852650643326342)
(2555, 0.07864560652524233)
(2556, 0.07872950658202171)
(2557, 0.07874900661408901)
(2558, 0.07877890672534704)
(2559, 0.07880000676959753)
(2560, 0.07882080692797899)
(2561, 0.07884020684286952)
(2562, 0.07886160677298903)
(2563, 0.07888110680505633)
(2564, 0.07890240685082972)
(2565, 0.07893170695751905)
(2566, 0.07908840687014163)
(2567, 0.07910860679112375)
(2568, 0.07912860671058297)
(2569, 0.07921640668064356)
(2570, 0.07923640683293343)
(2571, 0.07926220679655671)
(2572, 0.07933280686847866)
(2573, 0.07935240678489208)
(2574, 0.07943910686299205)
(2575, 0.07945800689049065)
(2576, 0.07947770692408085)
(2577, 0.07949680695310235)
(2578, 0.07951660710386932)
(2579, 0.07953800726681948)
(2580, 0.07955840742215514)
(2581, 0.0798448072746396)
(2582, 0.0798659073188901)
(2583, 0.07988510746508837)
(2584, 0.07990700751543045)
(2585, 0.07992720743641257)
(2586, 0.07994960737414658)
(2587, 0.07997050718404353)
(2588, 0.08010750729590654)
(2589, 0.0801270070951432)
(2590, 0.08014740701764822)
(2591, 0.08016800694167614)
(2592, 0.080198606941849)
(2593, 0.08021880709566176)
(2594, 0.08030150714330375)
(2595, 0.0803243073169142)
(2596, 0.08034310722723603)
(2597, 0.08042360725812614)
(2598, 0.08050650730729103)
(2599, 0.08059100713580847)
(2600, 0.08062000712379813)
(2601, 0.08063940703868866)
(2602, 0.08066510711796582)
(2603, 0.08076410717330873)
(2604, 0.08078250731341541)
(2605, 0.08080410747788846)
(2606, 0.08082240750081837)
(2607, 0.08090710756368935)
(2608, 0.08092620759271085)
(2609, 0.08103600749745965)
(2610, 0.08113770745694637)
(2611, 0.0811567073687911)
(2612, 0.0812665072735399)
(2613, 0.08134930743835866)
(2614, 0.08143470739014447)
(2615, 0.0814531072974205)
(2616, 0.08147270744666457)
(2617, 0.08159890747629106)
(2618, 0.08161770738661289)
(2619, 0.08164540724828839)
(2620, 0.08173120720312)
(2621, 0.08175470726564527)
(2622, 0.08193310722708702)
(2623, 0.0819517073687166)
(2624, 0.0819704073946923)
(2625, 0.08208920736797154)
(2626, 0.08212990732863545)
(2627, 0.08220190741121769)
(2628, 0.08222890738397837)
(2629, 0.08224900742061436)
(2630, 0.08238680730573833)
(2631, 0.08248920715413988)
(2632, 0.0825082070659846)
(2633, 0.08252630708739161)
(2634, 0.08254480711184442)
(2635, 0.08256900706328452)
(2636, 0.08259440725669265)
(2637, 0.08261190704070032)
(2638, 0.08263200707733631)
(2639, 0.08265070710331202)
(2640, 0.08266950724646449)
(2641, 0.08289080718532205)
(2642, 0.08302090712822974)
(2643, 0.08315630699507892)
(2644, 0.08340020687319338)
(2645, 0.08341880701482296)
(2646, 0.08343620714731514)
(2647, 0.08345420728437603)
(2648, 0.0834726074244827)
