(1, 1.600012183189392e-06)
(2, 1.5499535948038101e-06)
(3, 1.1666367451349895e-06)
(4, 9.74978320300579e-07)
(5, 8.399598300457e-07)
(6, 7.666336993376414e-07)
(7, 6.999886993850981e-07)
(8, 6.499758455902338e-07)
(9, 6.22201090057691e-07)
(10, 5.899928510189056e-07)
(11, 5.636406554417177e-07)
(12, 5.416804924607277e-07)
(13, 5.38483548622865e-07)
(14, 5.5716373026371e-07)
(15, 5.333529164393742e-07)
(16, 5.312758730724454e-07)
(17, 5.411942872930976e-07)
(18, 5.278011990918053e-07)
(19, 5.263320513461766e-07)
(20, 5.300156772136688e-07)
(21, 5.238245995271774e-07)
(22, 5.136561495336619e-07)
(23, 5.130676309699598e-07)
(24, 5.166900033752123e-07)
(25, 5.280226469039917e-07)
(26, 5.230988160921977e-07)
(27, 5.222477570728019e-07)
(28, 5.250247860593455e-07)
(29, 5.241579793650528e-07)
(30, 5.166822423537572e-07)
(31, 5.193700593325399e-07)
(32, 5.250112735666335e-07)
(33, 5.212231454524127e-07)
(34, 5.205956232898376e-07)
(35, 5.257249410663332e-07)
(36, 5.22226198679871e-07)
(37, 5.189228702235866e-07)
(38, 5.157934011597382e-07)
(39, 5.128244176889077e-07)
(40, 5.100038833916187e-07)
(41, 5.170771079819377e-07)
(42, 5.14289630310876e-07)
(43, 5.209341991779416e-07)
(44, 5.295521325685761e-07)
(45, 5.422263509697384e-07)
(46, 5.3913453998773e-07)
(47, 5.44684998532559e-07)
(48, 5.479184134552876e-07)
(49, 5.469381885260952e-07)
(50, 5.479995161294937e-07)
(51, 5.470607064518274e-07)
(52, 5.442326745161644e-07)
(53, 5.434003641020577e-07)
(54, 5.40744858207526e-07)
(55, 5.381859161637046e-07)
(56, 5.37506171635219e-07)
(57, 5.368461930438092e-07)
(58, 5.36212986656304e-07)
(59, 5.355972986100084e-07)
(60, 5.33337394396464e-07)
(61, 5.311515854030359e-07)
(62, 5.290362863771377e-07)
(63, 5.254026738897203e-07)
(64, 5.234433047007769e-07)
(65, 5.215442237945703e-07)
(66, 5.212196177153876e-07)
(67, 5.268714209990715e-07)
(68, 5.36770505063674e-07)
(69, 5.405855135641237e-07)
(70, 5.471453602824892e-07)
(71, 5.732421618951878e-07)
(72, 6.263920416434606e-07)
(73, 6.232908225222809e-07)
(74, 6.283815899813497e-07)
(75, 6.280032296975454e-07)
(76, 6.30263361687723e-07)
(77, 6.272729679748609e-07)
(78, 6.256428045722155e-07)
(79, 6.215192990589746e-07)
(80, 6.199989002197981e-07)
(81, 6.333309697148241e-07)
(82, 6.402416790767414e-07)
(83, 6.385506635688873e-07)
(84, 6.380917814870676e-07)
(85, 6.388188065851436e-07)
(86, 6.383674782375957e-07)
(87, 6.356276571750641e-07)
(88, 6.329501047730446e-07)
(89, 6.303327220879244e-07)
(90, 6.277735034624736e-07)
(91, 6.252705314002195e-07)
(92, 6.239076711885307e-07)
(93, 6.236506485810844e-07)
(94, 6.223364951128655e-07)
(95, 6.252605664102655e-07)
(96, 6.22914133903881e-07)
(97, 6.206160814491744e-07)
(98, 6.214273637350725e-07)
(99, 6.202020390768244e-07)
(100, 6.169988773763179e-07)
(101, 6.148504037963282e-07)
(102, 6.127440571492793e-07)
(103, 6.13590123728641e-07)
(104, 6.124990669867167e-07)
(105, 6.104752953563418e-07)
(106, 6.113210165838026e-07)
(107, 6.149536016109948e-07)
(108, 6.333338441672149e-07)
(109, 6.321095647888446e-07)
(110, 6.327257406982508e-07)
(111, 6.396382174513361e-07)
(112, 6.392843455874495e-07)
(113, 6.371668119609883e-07)
(114, 6.342102495724695e-07)
(115, 6.313051056602726e-07)
(116, 6.293111223855923e-07)
(117, 6.273512242950944e-07)
(118, 6.254245448163e-07)
(119, 6.252109315715918e-07)
(120, 6.241685089965661e-07)
(121, 6.264472026223979e-07)
(122, 6.270510923178469e-07)
(123, 6.276432697365923e-07)
(124, 6.314536045876242e-07)
(125, 6.296020001173019e-07)
(126, 6.277797861941277e-07)
(127, 6.251979443266636e-07)
(128, 6.234386091819033e-07)
(129, 6.217065505510153e-07)
(130, 6.20001138975987e-07)
(131, 6.17557510961103e-07)
(132, 6.174245341257616e-07)
(133, 6.172935569420793e-07)
(134, 6.194024888881997e-07)
(135, 6.222217861149047e-07)
(136, 6.213239805005929e-07)
(137, 6.240880946173285e-07)
(138, 6.217388031275376e-07)
(139, 6.201435818517808e-07)
(140, 6.178560267601694e-07)
(141, 6.156009192585099e-07)
(142, 6.140826243749807e-07)
(143, 6.125855643849273e-07)
(144, 6.118045550667578e-07)
(145, 6.14481817545562e-07)
(146, 6.171224051958894e-07)
(147, 6.156454027510014e-07)
(148, 6.141883597986118e-07)
(149, 6.154354586697265e-07)
(150, 6.139992425839106e-07)
(151, 6.125820492277083e-07)
(152, 6.105263692964064e-07)
(153, 6.117647988539116e-07)
(154, 6.097396109978874e-07)
(155, 6.083864718675613e-07)
(156, 6.070506806748035e-07)
(157, 6.082796960309812e-07)
(158, 6.101268072482906e-07)
(159, 6.113210165838026e-07)
(160, 6.10626011621207e-07)
(161, 6.099396402606313e-07)
(162, 6.086437353565369e-07)
(163, 6.073637311261124e-07)
(164, 6.060993367033761e-07)
(165, 6.048502682736426e-07)
(166, 6.036162488611348e-07)
(167, 6.029951179812768e-07)
(168, 6.035732526686929e-07)
(169, 6.02959726865475e-07)
(170, 6.070607067907558e-07)
(171, 6.140370401199799e-07)
(172, 6.203515303516111e-07)
(173, 6.225460741905807e-07)
(174, 6.224165253084282e-07)
(175, 6.222884569849286e-07)
(176, 6.221618439832871e-07)
(177, 6.220366616370314e-07)
(178, 6.202268257234874e-07)
(179, 6.189965252769726e-07)
(180, 6.188910144070785e-07)
(181, 6.198916501926453e-07)
(182, 6.258257429350864e-07)
(183, 6.256846436223046e-07)
(184, 6.250009629065576e-07)
(185, 6.318935570684639e-07)
(186, 6.317221108944185e-07)
(187, 6.310171123972551e-07)
(188, 6.297883141706598e-07)
(189, 6.285725190999016e-07)
(190, 6.273695218719934e-07)
(191, 6.261791214736968e-07)
(192, 6.244808901101351e-07)
(193, 6.227990506226534e-07)
(194, 6.216506176080901e-07)
(195, 6.215396122290538e-07)
(196, 6.234705714242799e-07)
(197, 6.228432456400189e-07)
(198, 6.227278987867664e-07)
(199, 6.226137111983706e-07)
(200, 6.225006654858589e-07)
(201, 6.213937121540752e-07)
(202, 6.198020891682936e-07)
(203, 6.182272941461338e-07)
(204, 6.171575674385417e-07)
(205, 6.165866535611268e-07)
(206, 6.155352768244095e-07)
(207, 6.149777161758303e-07)
(208, 6.149057298898697e-07)
(209, 6.157913775535291e-07)
(210, 6.161929507340704e-07)
(211, 6.156417395548798e-07)
(212, 6.174547861347783e-07)
(213, 6.197197493952764e-07)
(214, 6.266375655465037e-07)
(215, 6.26513691142548e-07)
(216, 6.305571231577131e-07)
(217, 6.304163279758621e-07)
(218, 6.325709539542505e-07)
(219, 6.315090000357258e-07)
(220, 6.354562091556463e-07)
(221, 6.371057630259527e-07)
(222, 6.36487662255227e-07)
(223, 6.363240609388181e-07)
(224, 6.357149686664343e-07)
(225, 6.382229427496592e-07)
(226, 6.446915686921736e-07)
(227, 6.436136456838263e-07)
(228, 6.438614882267358e-07)
(229, 6.580810717359902e-07)
(230, 6.569589933623438e-07)
(231, 6.567124374114074e-07)
(232, 6.607773810111243e-07)
(233, 6.618036173060216e-07)
(234, 6.606848114448735e-07)
(235, 6.723415819888419e-07)
(236, 6.817804128563e-07)
(237, 6.864986967939868e-07)
(238, 6.907576491602328e-07)
(239, 6.895411027026475e-07)
(240, 6.88333724004527e-07)
(241, 6.871373311488955e-07)
(242, 7.020661699747251e-07)
(243, 7.008231118505384e-07)
(244, 6.995902427273695e-07)
(245, 7.020404600367254e-07)
(246, 7.065037659149829e-07)
(247, 7.210529375414134e-07)
(248, 7.229842125408111e-07)
(249, 7.393579167055796e-07)
(250, 7.468005642294884e-07)
(251, 7.462157196257694e-07)
(252, 7.456355166458894e-07)
(253, 7.442693803974763e-07)
(254, 7.433072465845919e-07)
(255, 7.419609556011125e-07)
(256, 7.42577867640648e-07)
(257, 7.408553306810587e-07)
(258, 7.406974485678267e-07)
(259, 7.401542328154258e-07)
(260, 7.415378394608314e-07)
(261, 7.40995566392767e-07)
(262, 7.404574328137718e-07)
(263, 7.395427178294034e-07)
(264, 7.397717457603324e-07)
(265, 7.381126776618778e-07)
(266, 7.36466083759652e-07)
(267, 7.352059225687819e-07)
(268, 7.339551655659035e-07)
(269, 7.327137078715966e-07)
(270, 7.314814461602105e-07)
(271, 7.306277147078427e-07)
(272, 7.294121828368481e-07)
(273, 7.282055559612456e-07)
(274, 7.270077365810853e-07)
(275, 7.261826910755851e-07)
(276, 7.264501671644225e-07)
(277, 7.274368986326004e-07)
(278, 7.262590790180851e-07)
(279, 7.250897025549283e-07)
(280, 7.242862401264054e-07)
(281, 7.231322074063732e-07)
(282, 7.219863593155611e-07)
(283, 7.212023800337693e-07)
(284, 7.211273326210573e-07)
(285, 7.210528118568555e-07)
(286, 7.255247084202466e-07)
(287, 7.27874833688088e-07)
(288, 7.288197391769952e-07)
(289, 7.287196325183327e-07)
(290, 7.279313586909196e-07)
(291, 7.268044572720413e-07)
(292, 7.25685274356032e-07)
(293, 7.245737309138522e-07)
(294, 7.234697489916873e-07)
(295, 7.223732516927235e-07)
(296, 7.212841631592931e-07)
(297, 7.222226259583977e-07)
(298, 7.214773158799082e-07)
(299, 7.207362124553093e-07)
(300, 7.196671018997828e-07)
(301, 7.189377102740975e-07)
(302, 7.192061486228412e-07)
(303, 7.194728151012962e-07)
(304, 7.197377271950245e-07)
(305, 7.186894167642124e-07)
(306, 7.199351767114564e-07)
(307, 7.192191670888409e-07)
(308, 7.198057621233649e-07)
(309, 7.19094805684676e-07)
(310, 7.883885935429604e-07)
(311, 7.890690405556626e-07)
(312, 7.99680725695231e-07)
(313, 8.1565632773474e-07)
(314, 8.515936506401962e-07)
(315, 8.520648060809998e-07)
(316, 8.512671471019335e-07)
(317, 8.51105440302226e-07)
(318, 8.506299166371987e-07)
(319, 8.49844257239264e-07)
(320, 8.481256372760981e-07)
(321, 8.485987898530989e-07)
(322, 8.468947124592266e-07)
(323, 8.49535584957238e-07)
(324, 8.518518707542508e-07)
(325, 8.547685753840666e-07)
(326, 8.717786372165007e-07)
(327, 8.737001944025722e-07)
(328, 8.774386071486444e-07)
(329, 8.838902309672811e-07)
(330, 8.900000741987517e-07)
(331, 8.885197206386266e-07)
(332, 8.885539697864688e-07)
(333, 8.921916442769426e-07)
(334, 8.970051501950104e-07)
(335, 8.976114774817852e-07)
(336, 9.029761366989641e-07)
(337, 9.041546238724485e-07)
(338, 9.056216535659937e-07)
(339, 9.191741721819987e-07)
(340, 9.179416605654885e-07)
(341, 9.167163777561132e-07)
(342, 9.154975795519282e-07)
(343, 9.137027932238649e-07)
(344, 9.122094800046017e-07)
(345, 9.107248236735662e-07)
(346, 9.101154713358493e-07)
(347, 9.086454067089372e-07)
(348, 9.08045531732255e-07)
(349, 9.091683052330782e-07)
(350, 9.114281939608711e-07)
(351, 9.116805569823311e-07)
(352, 9.147717553952878e-07)
(353, 9.147302582648928e-07)
(354, 9.138412026446418e-07)
(355, 9.126751355721917e-07)
(356, 9.112350454323748e-07)
(357, 9.100828111088242e-07)
(358, 9.094963276852443e-07)
(359, 9.083553557193379e-07)
(360, 9.074988257553843e-07)
(361, 9.069237290492019e-07)
(362, 9.129816944098605e-07)
(363, 9.140482085138641e-07)
(364, 9.148338154613317e-07)
(365, 9.139712695797829e-07)
(366, 9.142063415604211e-07)
(367, 9.130774070927492e-07)
(368, 9.119552408304551e-07)
(369, 9.108385257927706e-07)
(370, 9.094578893603505e-07)
(371, 9.080846957119328e-07)
(372, 9.069873911318599e-07)
(373, 9.058959702224578e-07)
(374, 9.074848254813867e-07)
(375, 9.077315529187521e-07)
(376, 9.071793991755298e-07)
(377, 9.063646118267778e-07)
(378, 9.087287628697971e-07)
(379, 9.197879356570483e-07)
(380, 9.186829342261741e-07)
(381, 9.17584344431797e-07)
(382, 9.172765479584015e-07)
(383, 9.164481615895702e-07)
(384, 9.151032524338613e-07)
(385, 9.14025374434211e-07)
(386, 9.129524781064666e-07)
(387, 9.149865268967872e-07)
(388, 9.146901855686891e-07)
(389, 9.136238544796303e-07)
(390, 9.133325268824895e-07)
(391, 9.127872307663378e-07)
(392, 9.117345088066495e-07)
(393, 9.109413028521695e-07)
(394, 9.101521233238544e-07)
(395, 9.09620400848268e-07)
(396, 9.085863094889757e-07)
(397, 9.093203720277743e-07)
(398, 9.082916459471137e-07)
(399, 9.075189966306949e-07)
(400, 9.067502105608583e-07)
(401, 9.062349276055125e-07)
(402, 9.064681929957808e-07)
(403, 9.069487304604674e-07)
(404, 9.116345537033412e-07)
(405, 9.125937926180568e-07)
(406, 9.128090975980453e-07)
(407, 9.120405361019715e-07)
(408, 9.107855422531858e-07)
(409, 9.097814705669151e-07)
(410, 9.08538108555282e-07)
(411, 9.075438245732129e-07)
(412, 9.065549323353374e-07)
(413, 9.108971822420564e-07)
(414, 9.132866356251896e-07)
(415, 9.20001394956945e-07)
(416, 9.276459772641269e-07)
(417, 9.326157059600885e-07)
(418, 9.334943609303265e-07)
(419, 9.353240387323079e-07)
(420, 9.416685705738408e-07)
(421, 9.456076471227931e-07)
(422, 9.478695505250121e-07)
(423, 9.482294919924814e-07)
(424, 9.478799085009772e-07)
(425, 9.472964002805597e-07)
(426, 9.464811612392815e-07)
(427, 9.482456000404001e-07)
(428, 9.474319527709038e-07)
(429, 9.466220987287712e-07)
(430, 9.455837222725847e-07)
(431, 9.447819144916645e-07)
(432, 9.442150325479883e-07)
(433, 9.434200892134571e-07)
(434, 9.42859493951369e-07)
(435, 9.427612497546207e-07)
(436, 9.424338296670979e-07)
(437, 9.423370091606878e-07)
(438, 9.420120527278887e-07)
(439, 9.419161037187641e-07)
(440, 9.415935809639367e-07)
(441, 9.414995439739184e-07)
(442, 9.414054057244801e-07)
(443, 9.42666104597378e-07)
(444, 9.427952521421888e-07)
(445, 9.429238192485959e-07)
(446, 9.439486776365828e-07)
(447, 9.492192817414366e-07)
(448, 9.491096924258662e-07)
(449, 9.492230508269075e-07)
(450, 9.497803532414966e-07)
(451, 9.490047971782029e-07)
(452, 9.488961370909109e-07)
(453, 9.48125957028229e-07)
(454, 9.48019711390991e-07)
(455, 9.474743689809527e-07)
(456, 9.469319290171067e-07)
(457, 9.466104282787645e-07)
(458, 9.458536469259637e-07)
(459, 9.453177760499236e-07)
(460, 9.447842350472575e-07)
(461, 9.440363398924826e-07)
(462, 9.480536234004673e-07)
(463, 9.481658350442965e-07)
(464, 9.480622950299033e-07)
(465, 9.473137837904755e-07)
(466, 9.467828291360401e-07)
(467, 9.458258795916906e-07)
(468, 9.455142988481073e-07)
(469, 9.492550021422698e-07)
(470, 9.489374512687642e-07)
(471, 9.481961227905978e-07)
(472, 9.472463161574077e-07)
(473, 9.463010178622938e-07)
(474, 9.451484904950681e-07)
(475, 9.450537005537435e-07)
(476, 9.451691499527763e-07)
(477, 9.444455344784435e-07)
(478, 9.441433599117411e-07)
(479, 9.448860532804422e-07)
(480, 9.472928165147702e-07)
(481, 9.511446429265512e-07)
(482, 9.504161365484796e-07)
(483, 9.4989792869945e-07)
(484, 9.489681548631388e-07)
(485, 9.478362680403228e-07)
(486, 9.471205649552522e-07)
(487, 9.470235831744861e-07)
(488, 9.473368380463026e-07)
(489, 9.482625513842257e-07)
(490, 9.512253181666744e-07)
(491, 9.574346972701507e-07)
(492, 9.585372588741101e-07)
(493, 9.598384250491917e-07)
(494, 9.593126827828314e-07)
(495, 9.589908512854817e-07)
(496, 9.584689377656867e-07)
(497, 9.585525165921005e-07)
(498, 9.578325407931126e-07)
(499, 9.605225235343217e-07)
(500, 9.636012837290765e-07)
(501, 9.710594691975625e-07)
(502, 9.872524839532803e-07)
(503, 9.880730767491798e-07)
(504, 9.902790817062532e-07)
(505, 9.91288683202007e-07)
(506, 9.926890939650799e-07)
(507, 9.919145682742139e-07)
(508, 9.911430918970916e-07)
(509, 9.917501316264946e-07)
(510, 9.911783112614762e-07)
(511, 9.90412804915947e-07)
(512, 9.8965028882958e-07)
(513, 9.894757722204888e-07)
(514, 9.88912373665242e-07)
(515, 9.887395155371972e-07)
(516, 9.889553784746532e-07)
(517, 9.88396255720976e-07)
(518, 9.878392917424096e-07)
(519, 9.87284922674442e-07)
(520, 9.86540152762945e-07)
(521, 9.856060783659428e-07)
(522, 9.850591735136464e-07)
(523, 9.841319479860266e-07)
(524, 9.8282657919153e-07)
(525, 9.820973944096338e-07)
(526, 9.821314442577017e-07)
(527, 9.81785855353218e-07)
(528, 9.816311913627116e-07)
(529, 9.807205225547004e-07)
(530, 9.807569132942074e-07)
(531, 9.798513209752445e-07)
(532, 9.808288466997613e-07)
(533, 9.799269543467946e-07)
(534, 9.79028439867809e-07)
(535, 9.781332843214552e-07)
(536, 9.774278202997659e-07)
(537, 9.765385457590305e-07)
(538, 9.756530098423196e-07)
(539, 9.751413881446965e-07)
(540, 9.761131541044624e-07)
(541, 9.754179441499181e-07)
(542, 9.747252995457596e-07)
(543, 9.742191551908385e-07)
(544, 9.7353126073037e-07)
(545, 9.732128659246165e-07)
(546, 9.723459694520894e-07)
(547, 9.716652721929376e-07)
(548, 9.70987059230352e-07)
(549, 9.69947015490037e-07)
(550, 9.694560007615523e-07)
(551, 9.691484691659682e-07)
(552, 9.693853233171545e-07)
(553, 9.688984090714947e-07)
(554, 9.684132526389959e-07)
(555, 9.693712969352534e-07)
(556, 9.690666832565833e-07)
(557, 9.685838377668357e-07)
(558, 9.677442972378063e-07)
(559, 9.670864444139393e-07)
(560, 1.0028593741091234e-06)
(561, 1.0342266636364388e-06)
(562, 1.066550363876005e-06)
(563, 1.0953842270226081e-06)
(564, 1.1264210309278458e-06)
(565, 1.1577019550367794e-06)
(566, 1.1863984174157622e-06)
(567, 1.219932377548655e-06)
(568, 1.2547567217860003e-06)
(569, 1.2866462792003093e-06)
(570, 1.340354139214022e-06)
(571, 1.3707563665984182e-06)
(572, 1.400352986464342e-06)
(573, 1.4286248556242356e-06)
(574, 1.4569722310695083e-06)
(575, 1.4841775207415872e-06)
(576, 1.5128506573900167e-06)
(577, 1.5409046742077303e-06)
(578, 1.5726678756590946e-06)
(579, 1.6043213596615767e-06)
(580, 1.6382791037703383e-06)
(581, 1.682275136782052e-06)
(582, 1.7271509163619317e-06)
(583, 1.759007956519544e-06)
(584, 1.787331612295892e-06)
(585, 1.815558435061039e-06)
(586, 1.8431771699173865e-06)
(587, 1.87087196418841e-06)
(588, 1.8983026871419682e-06)
(589, 1.925300705564447e-06)
(590, 1.954241119072599e-06)
(591, 1.9815605442636913e-06)
(592, 2.0081115999837984e-06)
(593, 2.0460407037608337e-06)
(594, 2.0752563721403127e-06)
(595, 2.1026931515260905e-06)
(596, 2.1312121714421565e-06)
(597, 2.162315737662004e-06)
(598, 2.2001713233996792e-06)
(599, 2.226214280634969e-06)
(600, 2.253337297588587e-06)
(601, 2.279871076766941e-06)
(602, 2.3054859393656846e-06)
(603, 2.348097041249275e-06)
(604, 2.5185471900202187e-06)
(605, 2.6385165166017436e-06)
(606, 2.66419576093702e-06)
(607, 2.695226817832158e-06)
(608, 2.7231952500235487e-06)
(609, 2.748608950078977e-06)
(610, 2.7729553307910436e-06)
(611, 2.7972220179492243e-06)
(612, 2.8210829827764064e-06)
(613, 2.8455182514951047e-06)
(614, 2.8752487498648005e-06)
(615, 2.8995164798769524e-06)
(616, 2.923705418557896e-06)
(617, 2.950247274515501e-06)
(618, 2.975732353320014e-06)
(619, 3.0156747800612487e-06)
(620, 3.062101126077675e-06)
(621, 3.094851277804605e-06)
(622, 3.1363388218009586e-06)
(623, 3.161320663139487e-06)
(624, 3.1862224344737256e-06)
(625, 3.2129641622304914e-06)
(626, 3.2381833004304013e-06)
(627, 3.2631623182903255e-06)
(628, 3.287424837612802e-06)
(629, 3.3116102106099287e-06)
(630, 3.3365126462682846e-06)
(631, 3.388752974864987e-06)
(632, 3.4197833377254916e-06)
(633, 3.4859448106368007e-06)
(634, 3.5110460770572024e-06)
(635, 3.5474065867230647e-06)
(636, 3.5731182667959786e-06)
(637, 3.5979644668813405e-06)
(638, 3.6227327791921397e-06)
(639, 3.646484595112771e-06)
(640, 3.670318255899474e-06)
(641, 3.6920496377390743e-06)
(642, 3.7151146564063997e-06)
(643, 3.737019458973945e-06)
(644, 3.759477356946246e-06)
(645, 3.7924083339613535e-06)
(646, 3.825237357487251e-06)
(647, 3.84807301659304e-06)
(648, 3.8746964289910265e-06)
(649, 3.8964610018743025e-06)
(650, 3.918620327917429e-06)
(651, 3.939789910149831e-06)
(652, 3.963195007477253e-06)
(653, 3.986068820127302e-06)
(654, 4.0246225716916424e-06)
(655, 4.0470277677283035e-06)
(656, 4.080492611293022e-06)
(657, 4.127401932280176e-06)
(658, 4.16292238550255e-06)
(659, 4.203342839691093e-06)
(660, 4.2656104955257795e-06)
(661, 4.33358976704811e-06)
(662, 4.357406152046519e-06)
(663, 4.38235733843497e-06)
(664, 4.404522506632359e-06)
(665, 4.474139821372534e-06)
(666, 4.497602128901997e-06)
(667, 4.520394379968408e-06)
(668, 4.545363742568179e-06)
(669, 4.56995985043334e-06)
(670, 4.607915127677704e-06)
(671, 4.633387756130023e-06)
(672, 4.681254809145771e-06)
(673, 4.705502464813782e-06)
(674, 4.728343019963903e-06)
(675, 4.7537822414327555e-06)
(676, 4.785507366325728e-06)
(677, 4.8088669182630904e-06)
(678, 4.83083029093556e-06)
(679, 4.853760077452098e-06)
(680, 4.875445601475589e-06)
(681, 4.9010320551551215e-06)
(682, 4.938567027209267e-06)
(683, 4.960618787724661e-06)
(684, 4.991670465913781e-06)
(685, 5.0432154106615235e-06)
(686, 5.075805440393029e-06)
(687, 5.119072145943732e-06)
(688, 5.141282684256344e-06)
(689, 5.162993502763947e-06)
(690, 5.185655723123446e-06)
(691, 5.262810871673562e-06)
(692, 5.28641976416111e-06)
(693, 5.3580123312975594e-06)
(694, 5.384874248324279e-06)
(695, 5.4238890063205215e-06)
(696, 5.467245542583452e-06)
(697, 5.529702733266816e-06)
(698, 5.567195841290035e-06)
(699, 5.600003669510072e-06)
(700, 5.638717806765012e-06)
(701, 5.66048859837817e-06)
(702, 5.681342657581184e-06)
(703, 5.703986454145668e-06)
(704, 5.781253342072225e-06)
(705, 5.809648675804442e-06)
(706, 5.833714575145299e-06)
(707, 5.86124832571986e-06)
(708, 5.890822793109774e-06)
(709, 5.920313834639632e-06)
(710, 5.947327254418756e-06)
(711, 6.023209879984333e-06)
(712, 6.044806397174684e-06)
(713, 6.06606182802944e-06)
(714, 6.086977605684465e-06)
(715, 6.109373513739426e-06)
(716, 6.128913546033079e-06)
(717, 6.1492358998108445e-06)
(718, 6.167969438130643e-06)
(719, 6.2411711246852915e-06)
(720, 6.26139161694381e-06)
(721, 6.280030510110597e-06)
(722, 6.355265919067523e-06)
(723, 6.376766312460352e-06)
(724, 6.3968260865143975e-06)
(725, 6.417106387430224e-06)
(726, 6.435953398791883e-06)
(727, 6.453648140395196e-06)
(728, 6.470744815337789e-06)
(729, 6.4882062712814584e-06)
(730, 6.506304664869014e-06)
(731, 6.5668978474820194e-06)
(732, 6.589074135640931e-06)
(733, 6.610780794270042e-06)
(734, 6.630929499072827e-06)
(735, 6.649799036736391e-06)
(736, 6.67269341647625e-06)
(737, 6.690098217902061e-06)
(738, 6.7105722489961115e-06)
(739, 6.72706646065912e-06)
(740, 6.745138041977142e-06)
(741, 6.762350810121106e-06)
(742, 6.7791133375983996e-06)
(743, 6.796099611559273e-06)
(744, 6.812502584990955e-06)
(745, 6.843224205326714e-06)
(746, 6.8631395198225015e-06)
(747, 6.881529101266599e-06)
(748, 6.898933521068511e-06)
(749, 6.9154903929287665e-06)
(750, 6.931203107039134e-06)
(751, 6.949004485270631e-06)
(752, 6.964498018707208e-06)
(753, 6.979419188116334e-06)
(754, 6.994035524817614e-06)
(755, 7.00821563453469e-06)
(756, 7.022093678455031e-06)
(757, 7.0718663302957615e-06)
(758, 7.091164724080575e-06)
(759, 7.108699626072122e-06)
(760, 7.133161967718288e-06)
(761, 7.151909669403491e-06)
(762, 7.184781195238976e-06)
(763, 7.199611133977595e-06)
(764, 7.213616904592951e-06)
(765, 7.228239810739467e-06)
(766, 7.2424324331489e-06)
(767, 7.257240094642751e-06)
(768, 7.271618414961267e-06)
(769, 7.302084300662203e-06)
(770, 7.317666049030694e-06)
(771, 7.332299308109685e-06)
(772, 7.350392243945537e-06)
(773, 7.3698612549288e-06)
(774, 7.4134401986688295e-06)
(775, 7.438325893975073e-06)
(776, 7.4554157332930065e-06)
(777, 7.470531216516918e-06)
(778, 7.485607543189299e-06)
(779, 7.500773683113832e-06)
(780, 7.51846505758854e-06)
(781, 7.5423850340437185e-06)
(782, 7.559210681320761e-06)
(783, 7.659518296710223e-06)
(784, 7.735080042929978e-06)
(785, 7.750576800981144e-06)
(786, 7.787408039409847e-06)
(787, 7.806229553028014e-06)
(788, 7.821577022012872e-06)
(789, 7.83701218353025e-06)
(790, 7.856838829532455e-06)
(791, 7.894061453988971e-06)
(792, 7.917932552200826e-06)
(793, 7.938716941117338e-06)
(794, 7.952647917066473e-06)
(795, 8.009814323400551e-06)
(796, 8.05452573651345e-06)
(797, 8.08532308866568e-06)
(798, 8.102258688357092e-06)
(799, 8.25144224642812e-06)
(800, 8.35150305647403e-06)
(801, 8.364796950092328e-06)
(802, 8.378057982168739e-06)
(803, 8.402369072101778e-06)
(804, 8.415923377415582e-06)
(805, 8.444971931369408e-06)
(806, 8.457199041789429e-06)
(807, 8.479804562259341e-06)
(808, 8.504705775602915e-06)
(809, 8.61829707378289e-06)
(810, 8.632595374904296e-06)
(811, 8.646118582103462e-06)
(812, 8.667244293768271e-06)
(813, 8.681798491255823e-06)
(814, 8.710813639955527e-06)
(815, 8.742947508495279e-06)
(816, 8.756987917163938e-06)
(817, 8.772585297064945e-06)
(818, 8.786066143812206e-06)
(819, 8.798415302975565e-06)
(820, 8.912197677645742e-06)
(821, 8.925093943650192e-06)
(822, 8.941608494705093e-06)
(823, 8.959054974058275e-06)
(824, 8.973061023460863e-06)
(825, 9.005215075431448e-06)
(826, 9.018767988151413e-06)
(827, 9.032288124782575e-06)
(828, 9.044326317681062e-06)
(829, 9.05693874922463e-06)
(830, 9.069520789366888e-06)
(831, 9.081230042715222e-06)
(832, 9.09543506657848e-06)
(833, 9.176352912155377e-06)
(834, 9.191009479550292e-06)
(835, 9.277966542693669e-06)
(836, 9.299523829879088e-06)
(837, 9.312069381775253e-06)
(838, 9.332460669138266e-06)
(839, 9.344460296137113e-06)
(840, 9.356669449646557e-06)
(841, 9.369206150792158e-06)
(842, 9.383850857049156e-06)
(843, 9.39502083604729e-06)
(844, 9.406993598169625e-06)
(845, 9.416926310524432e-06)
(846, 9.43487315233929e-06)
(847, 9.454076465355604e-06)
(848, 9.470168151892722e-06)
(849, 9.505538921474146e-06)
(850, 9.51729714870453e-06)
(851, 9.5294977808601e-06)
(852, 9.54037854675326e-06)
(853, 9.552992450167259e-06)
(854, 9.56452280431288e-06)
(855, 9.57719578641897e-06)
(856, 9.628974834770383e-06)
(857, 9.641309661080011e-06)
(858, 9.652217122832517e-06)
(859, 9.666475368722215e-06)
(860, 9.73918859651962e-06)
(861, 9.750292942568262e-06)
(862, 9.76670799202128e-06)
(863, 9.786329520294315e-06)
(864, 9.805095302268725e-06)
(865, 9.82451134205209e-06)
(866, 9.837878145294707e-06)
(867, 9.848330451353887e-06)
(868, 9.858528257257515e-06)
(869, 9.869162895651352e-06)
(870, 9.879887896193855e-06)
(871, 9.899198993972057e-06)
(872, 9.909291685464869e-06)
(873, 9.921537541527246e-06)
(874, 9.93295458680364e-06)
(875, 9.944345535976545e-06)
(876, 9.955025541693925e-06)
(877, 9.96636534736257e-06)
(878, 9.978818282875358e-06)
(879, 9.990332487110256e-06)
(880, 1.0000798184509304e-05)
(881, 1.0011012842466422e-05)
(882, 1.002063757218336e-05)
(883, 1.0031826017869558e-05)
(884, 1.0041292173138975e-05)
(885, 1.0061923330281415e-05)
(886, 1.0072801295777207e-05)
(887, 1.009301232066942e-05)
(888, 1.0141556157503982e-05)
(889, 1.0159057308369734e-05)
(890, 1.0179328010155914e-05)
(891, 1.0190125791027757e-05)
(892, 1.0200675144674666e-05)
(893, 1.0211872508434406e-05)
(894, 1.0222261688219888e-05)
(895, 1.0233074582738584e-05)
(896, 1.0242970737246132e-05)
(897, 1.0252510246259047e-05)
(898, 1.0263476052004139e-05)
(899, 1.0275418711650093e-05)
(900, 1.0285334816823403e-05)
(901, 1.0296227937599398e-05)
(902, 1.0307762098649388e-05)
(903, 1.0323146840811172e-05)
(904, 1.0333408754055215e-05)
(905, 1.0343427250151476e-05)
(906, 1.0353533877984971e-05)
(907, 1.0363177202288739e-05)
(908, 1.0372689024582177e-05)
(909, 1.0382509826220432e-05)
(910, 1.039967186503358e-05)
(911, 1.0425358311437749e-05)
(912, 1.043487001177773e-05)
(913, 1.0452246770817635e-05)
(914, 1.0469913863754247e-05)
(915, 1.048098516757371e-05)
(916, 1.0511901190984326e-05)
(917, 1.0523229589606579e-05)
(918, 1.0534097320828303e-05)
(919, 1.0544071136137736e-05)
(920, 1.0552718658405153e-05)
(921, 1.0562759048500615e-05)
(922, 1.0614643235026238e-05)
(923, 1.0627628387812674e-05)
(924, 1.0639178623078447e-05)
(925, 1.0660865872695639e-05)
(926, 1.06731113388362e-05)
(927, 1.069029241583301e-05)
(928, 1.0701940858592119e-05)
(929, 1.0712810594536389e-05)
(930, 1.0728925937205874e-05)
(931, 1.0739421225868157e-05)
(932, 1.0752147353402151e-05)
(933, 1.103815793320297e-05)
(934, 1.104807429318765e-05)
(935, 1.1057969441707121e-05)
(936, 1.1066561385702629e-05)
(937, 1.1077589775846124e-05)
(938, 1.1085716040451517e-05)
(939, 1.1098936608773325e-05)
(940, 1.1137448389955023e-05)
(941, 1.1165676327713237e-05)
(942, 1.117473615495579e-05)
(943, 1.118451896126551e-05)
(944, 1.1192480303441822e-05)
(945, 1.1201271117127761e-05)
(946, 1.1216597306693709e-05)
(947, 1.1225238613540419e-05)
(948, 1.125274356729685e-05)
(949, 1.1261012326647283e-05)
(950, 1.1271790013109384e-05)
(951, 1.1280441968128884e-05)
(952, 1.1290021254407133e-05)
(953, 1.1298951086004784e-05)
(954, 1.1365933185619003e-05)
(955, 1.1375183678422299e-05)
(956, 1.1384728506877707e-05)
(957, 1.1393417192617181e-05)
(958, 1.1401983718766923e-05)
(959, 1.141084508622712e-05)
(960, 1.1419271080133816e-05)
(961, 1.1431841900752437e-05)
(962, 1.1447713015264136e-05)
(963, 1.1466562734415845e-05)
(964, 1.1495435542786393e-05)
(965, 1.151906736581128e-05)
(966, 1.1531055970483809e-05)
(967, 1.1554498547127599e-05)
(968, 1.1562706742912901e-05)
(969, 1.157048519727677e-05)
(970, 1.1578866175001429e-05)
(971, 1.158753873245171e-05)
(972, 1.1596399447554915e-05)
(973, 1.1604625295238896e-05)
(974, 1.164620170404167e-05)
(975, 1.1664820978274712e-05)
(976, 1.1675102974013349e-05)
(977, 1.1688639279245231e-05)
(978, 1.171850770757608e-05)
(979, 1.1730644009071302e-05)
(980, 1.1740000300793623e-05)
(981, 1.1747808572546665e-05)
(982, 1.1755397511065734e-05)
(983, 1.1762563851666718e-05)
(984, 1.1769614118052935e-05)
(985, 1.1776548663749913e-05)
(986, 1.178316476341133e-05)
(987, 1.1793212264987593e-05)
(988, 1.1799899203257884e-05)
(989, 1.1807179296929748e-05)
(990, 1.1816969837504203e-05)
(991, 1.1829061642304198e-05)
(992, 1.1836391011808789e-05)
(993, 1.184602220207903e-05)
(994, 1.1856438848799024e-05)
(995, 1.187185948742694e-05)
(996, 1.1878915647246752e-05)
(997, 1.1886158489146706e-05)
(998, 1.1893988023316095e-05)
(999, 1.1904404272098799e-05)
(1000, 1.191319990903139e-05)
(1001, 1.1932367661765048e-05)
(1002, 1.1949800419623028e-05)
(1003, 1.1961814526799075e-05)
(1004, 1.1969123506896286e-05)
(1005, 1.1989154125475766e-05)
(1006, 1.1996421398257995e-05)
(1007, 1.200327701504086e-05)
(1008, 1.2010714272037148e-05)
(1009, 1.2018236011355318e-05)
(1010, 1.2027128774783399e-05)
(1011, 1.2035806351051132e-05)
(1012, 1.204594888764879e-05)
(1013, 1.207650579357665e-05)
(1014, 1.2086588187653872e-05)
(1015, 1.2099212081414725e-05)
(1016, 1.2106693204946992e-05)
(1017, 1.2114454489366143e-05)
(1018, 1.21225934559827e-05)
(1019, 1.2132188605036774e-05)
(1020, 1.2140000220753399e-05)
(1021, 1.2147600418659079e-05)
(1022, 1.2154696616772453e-05)
(1023, 1.2170576662524354e-05)
(1024, 1.2178710903754109e-05)
(1025, 1.2188780507663401e-05)
(1026, 1.2197953396518561e-05)
(1027, 1.220662144993041e-05)
(1028, 1.2216828845020978e-05)
(1029, 1.2223129328141175e-05)
(1030, 1.2231262364578478e-05)
(1031, 1.2237633507117036e-05)
(1032, 1.2244186102405422e-05)
(1033, 1.2250435705380542e-05)
(1034, 1.2256769820096645e-05)
(1035, 1.2263381664735683e-05)
(1036, 1.22759653467498e-05)
(1037, 1.228293165988437e-05)
(1038, 1.230289031767604e-05)
(1039, 1.2317228223321757e-05)
(1040, 1.2332307792698534e-05)
(1041, 1.2339289388713301e-05)
(1042, 1.2346545382690635e-05)
(1043, 1.2353691473346086e-05)
(1044, 1.2360632301832753e-05)
(1045, 1.2369856514642683e-05)
(1046, 1.2376864332114534e-05)
(1047, 1.238404978653763e-05)
(1048, 1.2392652725786653e-05)
(1049, 1.2399427889286052e-05)
(1050, 1.2411904698681264e-05)
(1051, 1.241921976237043e-05)
(1052, 1.2427376549577644e-05)
(1053, 1.2434283156453827e-05)
(1054, 1.2441366191677735e-05)
(1055, 1.2448720492740378e-05)
(1056, 1.2455113888294859e-05)
(1057, 1.2461873619000417e-05)
(1058, 1.246833668525255e-05)
(1059, 1.2474504367178403e-05)
(1060, 1.2480094369922606e-05)
(1061, 1.248557969373032e-05)
(1062, 1.2494726922089433e-05)
(1063, 1.2502257790160651e-05)
(1064, 1.2508646674328169e-05)
(1065, 1.2518403649400098e-05)
(1066, 1.2525328256776923e-05)
(1067, 1.2531396500843088e-05)
(1068, 1.253726589580656e-05)
(1069, 1.2543030872494958e-05)
(1070, 1.2548785073525995e-05)
(1071, 1.2555088757439042e-05)
(1072, 1.2560354444935028e-05)
(1073, 1.2566169718660602e-05)
(1074, 1.257188094422582e-05)
(1075, 1.2594325857800107e-05)
(1076, 1.2601487300459116e-05)
(1077, 1.2610492468599711e-05)
(1078, 1.2625974485502061e-05)
(1079, 1.2632438039495175e-05)
(1080, 1.2638796922854252e-05)
(1081, 1.264505142606209e-05)
(1082, 1.2655823160988896e-05)
(1083, 1.267156119106659e-05)
(1084, 1.267795287746235e-05)
(1085, 1.2683871841650405e-05)
(1086, 1.268959574188701e-05)
(1087, 1.2695217006449976e-05)
(1088, 1.2705423561034395e-05)
(1089, 1.2712213839340144e-05)
(1090, 1.2718349344891693e-05)
(1091, 1.2724290283500984e-05)
(1092, 1.2731136099159063e-05)
(1093, 1.2738243970689377e-05)
(1094, 1.2743602195240462e-05)
(1095, 1.2748950420449314e-05)
(1096, 1.2754562717053469e-05)
(1097, 1.2760620679682563e-05)
(1098, 1.276630309422268e-05)
(1099, 1.2795087263611796e-05)
(1100, 1.2801909946243871e-05)
(1101, 1.2810445846575267e-05)
(1102, 1.2817332848987648e-05)
(1103, 1.2928378073361821e-05)
(1104, 1.2937048070497163e-05)
(1105, 1.2944164007430163e-05)
(1106, 1.2999187243822793e-05)
(1107, 1.3076694801705532e-05)
(1108, 1.3093773606788058e-05)
(1109, 1.310739507503989e-05)
(1110, 1.3113154207465348e-05)
(1111, 1.311998308865097e-05)
(1112, 1.3151170272152308e-05)
(1113, 1.3161546643572355e-05)
(1114, 1.3168762426295016e-05)
(1115, 1.3183319581998303e-05)
(1116, 1.3190323919204721e-05)
(1117, 1.3197136662680332e-05)
(1118, 1.3205010363955404e-05)
(1119, 1.3212333795372346e-05)
(1120, 1.3218929858079979e-05)
(1121, 1.3224889601545075e-05)
(1122, 1.323832540960448e-05)
(1123, 1.3245147953965996e-05)
(1124, 1.3270285693113277e-05)
(1125, 1.327688992023468e-05)
(1126, 1.3309859068564687e-05)
(1127, 1.3316061534483346e-05)
(1128, 1.3321986940444995e-05)
(1129, 1.3328079205168044e-05)
(1130, 1.333362950358243e-05)
(1131, 1.333925850807988e-05)
(1132, 1.3345760966292434e-05)
(1133, 1.3350486707695269e-05)
(1134, 1.3355380482643159e-05)
(1135, 1.3360618059790082e-05)
(1136, 1.3365846415850477e-05)
(1137, 1.3371769186492646e-05)
(1138, 1.3377417823355415e-05)
(1139, 1.338244206496924e-05)
(1140, 1.3387369670039206e-05)
(1141, 1.3392113351592049e-05)
(1142, 1.3396498663987044e-05)
(1143, 1.3401663608764308e-05)
(1144, 1.3406469870905776e-05)
(1145, 1.3411267737829529e-05)
(1146, 1.3415359145917817e-05)
(1147, 1.3425371974199985e-05)
(1148, 1.343092471458511e-05)
(1149, 1.3438208446918206e-05)
(1150, 1.3444957768787508e-05)
(1151, 1.345664751493444e-05)
(1152, 1.3462240733335622e-05)
(1153, 1.348543052738476e-05)
(1154, 1.3491249178411952e-05)
(1155, 1.3509784821114498e-05)
(1156, 1.3515485730988963e-05)
(1157, 1.3521263116685708e-05)
(1158, 1.3526426129596426e-05)
(1159, 1.353356481800571e-05)
(1160, 1.3539484091873826e-05)
(1161, 1.3545823935659973e-05)
(1162, 1.3569622579481126e-05)
(1163, 1.3576441517328766e-05)
(1164, 1.3586341545843484e-05)
(1165, 1.3598370417760678e-05)
(1166, 1.363113333229902e-05)
(1167, 1.3639418617363351e-05)
(1168, 1.3660703313677279e-05)
(1169, 1.366561281887561e-05)
(1170, 1.3671625150829298e-05)
(1171, 1.3676431645614585e-05)
(1172, 1.3684045559958692e-05)
(1173, 1.3689088928120216e-05)
(1174, 1.3695827294997807e-05)
(1175, 1.3712596821975201e-05)
(1176, 1.3732909087129697e-05)
(1177, 1.3797367094503992e-05)
(1178, 1.3803651102570302e-05)
(1179, 1.3817897369805486e-05)
(1180, 1.3825424623249445e-05)
(1181, 1.3830229540644916e-05)
(1182, 1.384374033974865e-05)
(1183, 1.386060955716157e-05)
(1184, 1.3873987513392962e-05)
(1185, 1.3947680411773896e-05)
(1186, 1.3955818916377289e-05)
(1187, 1.3997810661303163e-05)
(1188, 1.4004546651923997e-05)
(1189, 1.4011103102171291e-05)
(1190, 1.4017228264079875e-05)
(1191, 1.4023259078800728e-05)
(1192, 1.4029783134242433e-05)
(1193, 1.404803146335725e-05)
(1194, 1.405511020996313e-05)
(1195, 1.4083516086494573e-05)
(1196, 1.4091723709114918e-05)
(1197, 1.4099667086861187e-05)
(1198, 1.4105427097560268e-05)
(1199, 1.4111177306047473e-05)
(1200, 1.4116751262918115e-05)
(1201, 1.4127644870762127e-05)
(1202, 1.4132696681170911e-05)
(1203, 1.4138654577340667e-05)
(1204, 1.4145433147781315e-05)
(1205, 1.4152200467482642e-05)
(1206, 1.4196270088330035e-05)
(1207, 1.42018241667387e-05)
(1208, 1.4226657179622164e-05)
(1209, 1.4231928891515416e-05)
(1210, 1.423677837491528e-05)
(1211, 1.4241207060331063e-05)
(1212, 1.4245876060374597e-05)
(1213, 1.4249960372112353e-05)
(1214, 1.425420250927744e-05)
(1215, 1.4258026041918332e-05)
(1216, 1.426414593496654e-05)
(1217, 1.4316599399781951e-05)
(1218, 1.4326191654089342e-05)
(1219, 1.4335522160753057e-05)
(1220, 1.434024698177322e-05)
(1221, 1.4345373662400694e-05)
(1222, 1.4356302048663461e-05)
(1223, 1.4361407408279078e-05)
(1224, 1.4377533636220237e-05)
(1225, 1.4382613138580808e-05)
(1226, 1.440644469324858e-05)
(1227, 1.4416219366026682e-05)
(1228, 1.4423209368418113e-05)
(1229, 1.4460782018058954e-05)
(1230, 1.4479106625284605e-05)
(1231, 1.4484160187087535e-05)
(1232, 1.4489286620012642e-05)
(1233, 1.4495053566502829e-05)
(1234, 1.4500649279131399e-05)
(1235, 1.4506883708088986e-05)
(1236, 1.4512541419057881e-05)
(1237, 1.4521181206960494e-05)
(1238, 1.4532311189083175e-05)
(1239, 1.4632123599882756e-05)
(1240, 1.4644113910054008e-05)
(1241, 1.4667607855883267e-05)
(1242, 1.467367253249778e-05)
(1243, 1.4679244744171084e-05)
(1244, 1.468569234199223e-05)
(1245, 1.4692611513606995e-05)
(1246, 1.4698957683545438e-05)
(1247, 1.4707058109492422e-05)
(1248, 1.4715305625055082e-05)
(1249, 1.4723299833251725e-05)
(1250, 1.4730321243405342e-05)
(1251, 1.4737011681643608e-05)
(1252, 1.4743371941030215e-05)
(1253, 1.4751557564007598e-05)
(1254, 1.4757656750746035e-05)
(1255, 1.4763347715495592e-05)
(1256, 1.4768711329811507e-05)
(1257, 1.4776293952951568e-05)
(1258, 1.4783546368521898e-05)
(1259, 1.4790787448110895e-05)
(1260, 1.4797937575845965e-05)
(1261, 1.480579018019713e-05)
(1262, 1.4812045357235827e-05)
(1263, 1.486571765964171e-05)
(1264, 1.4871757483416343e-05)
(1265, 1.4876759990225196e-05)
(1266, 1.4881359738419877e-05)
(1267, 1.4885952225765e-05)
(1268, 1.4895979059442924e-05)
(1269, 1.4902522766902467e-05)
(1270, 1.4907402705078519e-05)
(1271, 1.4946263841845031e-05)
(1272, 1.4950551492390486e-05)
(1273, 1.4954832223743692e-05)
(1274, 1.4959106417709092e-05)
(1275, 1.4963059996565183e-05)
(1276, 1.4966615617310273e-05)
(1277, 1.497024406964133e-05)
(1278, 1.4973866661459627e-05)
(1279, 1.4977639961909092e-05)
(1280, 1.498570418334566e-05)
(1281, 1.4989384196285713e-05)
(1282, 1.4999922795014894e-05)
(1283, 1.5004209713866631e-05)
(1284, 1.5063006960354583e-05)
(1285, 1.5066771184597961e-05)
(1286, 1.5070685076861879e-05)
(1287, 1.507389367136181e-05)
(1288, 1.5077795956272238e-05)
(1289, 1.5081459355791286e-05)
(1290, 1.5084962216169798e-05)
(1291, 1.5101550286888246e-05)
(1292, 1.5107586103327134e-05)
(1293, 1.5127224442876777e-05)
(1294, 1.516167007507598e-05)
(1295, 1.5188958208188127e-05)
(1296, 1.5206636435547729e-05)
(1297, 1.5211951327937424e-05)
(1298, 1.5216102308445884e-05)
(1299, 1.5219708107371712e-05)
(1300, 1.5226308292207809e-05)
(1301, 1.5230131207419119e-05)
(1302, 1.5233487596080141e-05)
(1303, 1.5238910900601862e-05)
(1304, 1.5243252259364889e-05)
(1305, 1.5256322663405845e-05)
(1306, 1.5266846143747546e-05)
(1307, 1.5284392595085918e-05)
(1308, 1.528815064431148e-05)
(1309, 1.529343102505819e-05)
(1310, 1.529725268483162e-05)
(1311, 1.530099250262562e-05)
(1312, 1.531074791805955e-05)
(1313, 1.5321935463898162e-05)
(1314, 1.5334628063113723e-05)
(1315, 1.5341750073455584e-05)
(1316, 1.5345365792728033e-05)
(1317, 1.5351177923715104e-05)
(1318, 1.5415858239930388e-05)
(1319, 1.544306366093643e-05)
(1320, 1.5446743010684396e-05)
(1321, 1.5451401164705874e-05)
(1322, 1.545446366917077e-05)
(1323, 1.5459789134961856e-05)
(1324, 1.5463520529373264e-05)
(1325, 1.546717073135781e-05)
(1326, 1.5470513766336494e-05)
(1327, 1.5505276004185152e-05)
(1328, 1.551867557369756e-05)
(1329, 1.5527013643028773e-05)
(1330, 1.5538497092692474e-05)
(1331, 1.5554546254703106e-05)
(1332, 1.5559835588788843e-05)
(1333, 1.5563766639022925e-05)
(1334, 1.55674669936277e-05)
(1335, 1.5579251579465937e-05)
(1336, 1.5584731050683353e-05)
(1337, 1.5588706601675802e-05)
(1338, 1.5594694075718947e-05)
(1339, 1.5621807856055406e-05)
(1340, 1.562544815381294e-05)
(1341, 1.5629530626666537e-05)
(1342, 1.5633383379963224e-05)
(1343, 1.5637751707525635e-05)
(1344, 1.5662351610704457e-05)
(1345, 1.5665279341286888e-05)
(1346, 1.566864849022558e-05)
(1347, 1.567127024056563e-05)
(1348, 1.5674184839232915e-05)
(1349, 1.5677243203278204e-05)
(1350, 1.5689852750963635e-05)
(1351, 1.5696670086592503e-05)
(1352, 1.5700370632663106e-05)
(1353, 1.5703844063463074e-05)
(1354, 1.571912929261629e-05)
(1355, 1.57227315269823e-05)
(1356, 1.5726033289117358e-05)
(1357, 1.5728961808130684e-05)
(1358, 1.5733653332472988e-05)
(1359, 1.5739073793213977e-05)
(1360, 1.5754559803206254e-05)
(1361, 1.5760250670136027e-05)
(1362, 1.5765052116455485e-05)
(1363, 1.577476226749966e-05)
(1364, 1.577851980449386e-05)
(1365, 1.5781978793414958e-05)
(1366, 1.578594508170427e-05)
(1367, 1.581850847952891e-05)
(1368, 1.5856141097876325e-05)
(1369, 1.586150562348507e-05)
(1370, 1.5864380546947465e-05)
(1371, 1.5867396986708425e-05)
(1372, 1.5894097171495765e-05)
(1373, 1.594253550490496e-05)
(1374, 1.5944833535120824e-05)
(1375, 1.5947200865908103e-05)
(1376, 1.5951817764543256e-05)
(1377, 1.595337782528579e-05)
(1378, 1.595537103874763e-05)
(1379, 1.595728876011107e-05)
(1380, 1.5959131322207226e-05)
(1381, 1.596184015802764e-05)
(1382, 1.5969103634864222e-05)
(1383, 1.597700728775579e-05)
(1384, 1.598778988283149e-05)
(1385, 1.5994296863083374e-05)
(1386, 1.5996898488177882e-05)
(1387, 1.600641765978883e-05)
(1388, 1.6009078766366936e-05)
(1389, 1.6011519973079794e-05)
(1390, 1.6014101720756763e-05)
(1391, 1.601646399884709e-05)
(1392, 1.6018750959600526e-05)
(1393, 1.6025270215701645e-05)
(1394, 1.6029843147924246e-05)
(1395, 1.609068193663192e-05)
(1396, 1.6093553967218858e-05)
(1397, 1.611453217688252e-05)
(1398, 1.6117454653016914e-05)
(1399, 1.6175197661082773e-05)
(1400, 1.6177501030532378e-05)
(1401, 1.6179872573028286e-05)
(1402, 1.6181884179378032e-05)
(1403, 1.6184177857718126e-05)
(1404, 1.6186254674786346e-05)
(1405, 1.6190250175491345e-05)
(1406, 1.619359995682285e-05)
(1407, 1.6201564687348547e-05)
(1408, 1.6204759462694213e-05)
(1409, 1.620780792275035e-05)
(1410, 1.6210071828401258e-05)
(1411, 1.621566360392611e-05)
(1412, 1.6218272932190394e-05)
(1413, 1.6220312391560042e-05)
(1414, 1.6222207357809263e-05)
(1415, 1.6228622812843576e-05)
(1416, 1.6299789011120627e-05)
(1417, 1.6308893057226545e-05)
(1418, 1.631671469527256e-05)
(1419, 1.6319451438836685e-05)
(1420, 1.632246585615294e-05)
(1421, 1.6325405739211096e-05)
(1422, 1.6328482135459676e-05)
(1423, 1.6331343302268927e-05)
(1424, 1.633420061409013e-05)
(1425, 1.633698365798122e-05)
(1426, 1.6340113350753194e-05)
(1427, 1.6343518967603835e-05)
(1428, 1.6352101926970965e-05)
(1429, 1.639846149907611e-05)
(1430, 1.641049040025556e-05)
(1431, 1.6413208462979975e-05)
(1432, 1.6415643397791507e-05)
(1433, 1.6417656229017336e-05)
(1434, 1.641980572402311e-05)
(1435, 1.642341573012e-05)
(1436, 1.6433845110714933e-05)
(1437, 1.643917982828808e-05)
(1438, 1.647587028825565e-05)
(1439, 1.6483461744487905e-05)
(1440, 1.6485209440967687e-05)
(1441, 1.648716282133093e-05)
(1442, 1.648932161912756e-05)
(1443, 1.6494942293324903e-05)
(1444, 1.649681554199132e-05)
(1445, 1.6498478664452642e-05)
(1446, 1.6500208723934608e-05)
(1447, 1.650207461023339e-05)
(1448, 1.6504490248941256e-05)
(1449, 1.6508006771642063e-05)
(1450, 1.6518346162448668e-05)
(1451, 1.6527292771145526e-05)
(1452, 1.6537948913061504e-05)
(1453, 1.6540606843957552e-05)
(1454, 1.6543192422578553e-05)
(1455, 1.6548042425636163e-05)
(1456, 1.6606869374319994e-05)
(1457, 1.6610365036258814e-05)
(1458, 1.661906856276984e-05)
(1459, 1.6624264507168283e-05)
(1460, 1.6626645173009943e-05)
(1461, 1.6628817159843153e-05)
(1462, 1.663078105512869e-05)
(1463, 1.6682366385383713e-05)
(1464, 1.6735725440695638e-05)
(1465, 1.6737270960425354e-05)
(1466, 1.673867794498293e-05)
(1467, 1.6744241268255307e-05)
(1468, 1.6829292816477917e-05)
(1469, 1.683199592441868e-05)
(1470, 1.683408302590758e-05)
(1471, 1.6839158474983688e-05)
(1472, 1.6888112915457104e-05)
(1473, 1.688988611243731e-05)
(1474, 1.6977138447055903e-05)
(1475, 1.6978984477661423e-05)
(1476, 1.697994732022851e-05)
(1477, 1.6981314933312124e-05)
(1478, 1.711373630764923e-05)
(1479, 1.711927135830759e-05)
(1480, 1.7126623188724388e-05)
(1481, 1.7208306767816162e-05)
(1482, 1.7210258002545024e-05)
(1483, 1.7289077770153334e-05)
(1484, 1.7290500167134718e-05)
(1485, 1.729165128610953e-05)
(1486, 1.7352154964774166e-05)
(1487, 1.7354271901369336e-05)
(1488, 1.7427958570601e-05)
(1489, 1.7438953913763275e-05)
(1490, 1.7441276792161817e-05)
(1491, 1.7442322310527487e-05)
(1492, 1.744497486267828e-05)
(1493, 1.744641822607463e-05)
(1494, 1.7447926670093454e-05)
(1495, 1.7449499908398624e-05)
(1496, 1.7450736894117876e-05)
(1497, 1.7475419221775646e-05)
(1498, 1.7479374334564275e-05)
(1499, 1.7486392750868884e-05)
(1500, 1.7489001775781312e-05)
(1501, 1.7490474814964802e-05)
(1502, 1.761018836154006e-05)
(1503, 1.7614240175037486e-05)
(1504, 1.7615826397965802e-05)
(1505, 1.77150849017788e-05)
(1506, 1.7715871716252122e-05)
(1507, 1.7718183631899344e-05)
(1508, 1.772009460033172e-05)
(1509, 1.7721009069795715e-05)
(1510, 1.7722650733313813e-05)
(1511, 1.7723562146588162e-05)
(1512, 1.7784260861358787e-05)
(1513, 1.778612184164072e-05)
(1514, 1.778718775514725e-05)
(1515, 1.7833928869600736e-05)
(1516, 1.7835093769035977e-05)
(1517, 1.7900726510532294e-05)
(1518, 1.7903229357902948e-05)
(1519, 1.7905992243029398e-05)
(1520, 1.7915659363528614e-05)
(1521, 1.8009205975182192e-05)
(1522, 1.80103169000278e-05)
(1523, 1.808338953293395e-05)
(1524, 1.8084450322997772e-05)
(1525, 1.808550972186151e-05)
(1526, 1.808630560706632e-05)
(1527, 1.8181795889869107e-05)
(1528, 1.8182265936733463e-05)
(1529, 1.818332391711253e-05)
(1530, 1.8203008031241255e-05)
(1531, 1.8210974713552628e-05)
(1532, 1.8211228738954734e-05)
(1533, 1.8211221504672168e-05)
(1534, 1.8211018635297616e-05)
(1535, 1.821146750100661e-05)
(1536, 1.8211525154280633e-05)
(1537, 1.821138762136365e-05)
(1538, 1.821196526022548e-05)
(1539, 1.8212997219619077e-05)
(1540, 1.821506665656706e-05)
(1541, 1.822037822980915e-05)
(1542, 1.8252401362655226e-05)
(1543, 1.8253145203457896e-05)
(1544, 1.833089576054538e-05)
(1545, 1.8331846583960125e-05)
(1546, 1.8334542708362985e-05)
(1547, 1.8413188706532013e-05)
(1548, 1.8413890651318916e-05)
(1549, 1.841614123859507e-05)
(1550, 1.842090499497229e-05)
(1551, 1.8409930702796064e-05)
(1552, 1.842094244454632e-05)
(1553, 1.842150850256297e-05)
(1554, 1.8423682670834135e-05)
(1555, 1.8423345910199586e-05)
(1556, 1.8423138118102418e-05)
(1557, 1.8473155318006307e-05)
(1558, 1.8473044193238594e-05)
(1559, 1.84799890697595e-05)
(1560, 1.848730966090583e-05)
(1561, 1.8495005244612312e-05)
(1562, 1.8499489777057256e-05)
(1563, 1.8500193973773197e-05)
(1564, 1.8500129851843697e-05)
(1565, 1.8499810218858642e-05)
(1566, 1.85076008154743e-05)
(1567, 1.850721308035537e-05)
(1568, 1.850663443756461e-05)
(1569, 1.8510390684445472e-05)
(1570, 1.8512677092840717e-05)
(1571, 1.8514515085111447e-05)
(1572, 1.8515142004311313e-05)
(1573, 1.8557726043807573e-05)
(1574, 1.855762592567725e-05)
(1575, 1.8557779757039887e-05)
(1576, 1.8558314106743878e-05)
(1577, 1.8559481899006576e-05)
(1578, 1.8559887749113434e-05)
(1579, 1.8562382957682797e-05)
(1580, 1.85643688221521e-05)
(1581, 1.856496063951146e-05)
(1582, 1.856763761810836e-05)
(1583, 1.8571006176512e-05)
(1584, 1.8570898159529375e-05)
(1585, 1.86153960763844e-05)
(1586, 1.8616395146312358e-05)
(1587, 1.8616636954459214e-05)
(1588, 1.861668946643733e-05)
(1589, 1.861699349835956e-05)
(1590, 1.8620253218419897e-05)
(1591, 1.8633942609731317e-05)
(1592, 1.863982579928247e-05)
(1593, 1.8640554189092696e-05)
(1594, 1.864034055593135e-05)
(1595, 1.864420238380148e-05)
(1596, 1.8722683490069587e-05)
(1597, 1.8722794538290336e-05)
(1598, 1.87414911026613e-05)
(1599, 1.878174035818671e-05)
(1600, 1.878368915640749e-05)
(1601, 1.8815554330575696e-05)
(1602, 1.8822348539423333e-05)
(1603, 1.8841361438742818e-05)
(1604, 1.8899752137174557e-05)
(1605, 1.9059253920368688e-05)
(1606, 1.9059777300419798e-05)
(1607, 1.9089920520457927e-05)
(1608, 1.909029994400876e-05)
(1609, 1.909434572533653e-05)
(1610, 1.9137889598004565e-05)
(1611, 1.91398524557264e-05)
(1612, 1.914044810348091e-05)
(1613, 1.9145692696925356e-05)
(1614, 1.915136457200461e-05)
(1615, 1.9191704321387382e-05)
(1616, 1.9191028775029475e-05)
(1617, 1.9190292148842218e-05)
(1618, 1.9189618310312037e-05)
(1619, 1.918900699928228e-05)
(1620, 1.9199939812591045e-05)
(1621, 1.92954981748996e-05)
(1622, 1.9296179077692524e-05)
(1623, 1.9353544293631395e-05)
(1624, 1.938226750336147e-05)
(1625, 1.9381355207699994e-05)
(1626, 1.9422879495267353e-05)
(1627, 1.9422004894612755e-05)
(1628, 1.9481819362153073e-05)
(1629, 1.9518662806648357e-05)
(1630, 1.9518467254845277e-05)
(1631, 1.952041781054619e-05)
(1632, 1.956501307408782e-05)
(1633, 1.9566014247096103e-05)
(1634, 1.9566034995055914e-05)
(1635, 1.956599462629276e-05)
(1636, 1.9568338116954255e-05)
(1637, 1.967550473254704e-05)
(1638, 1.9675336484780242e-05)
(1639, 1.967583965939709e-05)
(1640, 1.9687622723101478e-05)
(1641, 1.9740037328355346e-05)
(1642, 1.9742570841292443e-05)
(1643, 1.9841631891447382e-05)
(1644, 1.984403962654644e-05)
(1645, 1.984413452786153e-05)
(1646, 1.9843560809842148e-05)
(1647, 1.9842987929871754e-05)
(1648, 1.984229424371592e-05)
(1649, 1.9981747091024336e-05)
(1650, 1.999212174930356e-05)
(1651, 2.008885582925911e-05)
(1652, 2.013401990332449e-05)
(1653, 2.0134180763942576e-05)
(1654, 2.0173942487790477e-05)
(1655, 2.0172387316507875e-05)
(1656, 2.0170954797317946e-05)
(1657, 2.0216114163695506e-05)
(1658, 2.0253076723611612e-05)
(1659, 2.029294826229557e-05)
(1660, 2.029241043064429e-05)
(1661, 2.0293859946600363e-05)
(1662, 2.029723312400918e-05)
(1663, 2.030090283842167e-05)
(1664, 2.035276520473417e-05)
(1665, 2.0351592317089303e-05)
(1666, 2.0390276943578296e-05)
(1667, 2.038926299578713e-05)
(1668, 2.0392207128422365e-05)
(1669, 2.0433853560620044e-05)
(1670, 2.043305486329123e-05)
(1671, 2.043213743219327e-05)
(1672, 2.0439115756204683e-05)
(1673, 2.0438076252450646e-05)
(1674, 2.0448029711130415e-05)
(1675, 2.0447105530705023e-05)
(1676, 2.049015618767367e-05)
(1677, 2.0489446512275176e-05)
(1678, 2.0488856873154213e-05)
(1679, 2.0487970207163875e-05)
(1680, 2.0491846399160012e-05)
(1681, 2.0490721054264367e-05)
(1682, 2.0489359233532806e-05)
(1683, 2.0492990156475166e-05)
(1684, 2.0493291187898706e-05)
(1685, 2.0493295192939593e-05)
(1686, 2.049341781809484e-05)
(1687, 2.054463689412566e-05)
(1688, 2.0545025238043396e-05)
(1689, 2.059757407884791e-05)
(1690, 2.0649705699385977e-05)
(1691, 2.0650386042553668e-05)
(1692, 2.0652070248512724e-05)
(1693, 2.072675883048255e-05)
(1694, 2.0769482188217052e-05)
(1695, 2.0769441220085177e-05)
(1696, 2.0827419060844716e-05)
(1697, 2.0826577868051367e-05)
(1698, 2.0826326598697404e-05)
(1699, 2.0826075762168247e-05)
(1700, 2.083447213996859e-05)
(1701, 2.0875369112660503e-05)
(1702, 2.0914631441550726e-05)
(1703, 2.091409446025203e-05)
(1704, 2.091332322900389e-05)
(1705, 2.091267020537182e-05)
(1706, 2.0911549010553155e-05)
(1707, 2.0910077632852795e-05)
(1708, 2.090884230821557e-05)
(1709, 2.0909246690505913e-05)
(1710, 2.0908305628432166e-05)
(1711, 2.0906956477742806e-05)
(1712, 2.0944627619862e-05)
(1713, 2.0943258840632036e-05)
(1714, 2.0942241719585944e-05)
(1715, 2.0941109165723053e-05)
(1716, 2.094265874062767e-05)
(1717, 2.0956844726038244e-05)
(1718, 2.095593848049953e-05)
(1719, 2.0973183379366065e-05)
(1720, 2.1033838450865344e-05)
(1721, 2.1033237819743323e-05)
(1722, 2.1084379967254492e-05)
(1723, 2.1084040826055732e-05)
(1724, 2.1083179965027524e-05)
(1725, 2.1081392558804457e-05)
(1726, 2.10800707266857e-05)
(1727, 2.107869258843962e-05)
(1728, 2.114137856147459e-05)
(1729, 2.116391108306141e-05)
(1730, 2.1206995477695342e-05)
(1731, 2.120681815086108e-05)
(1732, 2.1205255336947652e-05)
(1733, 2.124114378542998e-05)
(1734, 2.123956297843308e-05)
(1735, 2.1249338479911216e-05)
(1736, 2.1248042861360217e-05)
(1737, 2.1248993935105302e-05)
(1738, 2.12522454279013e-05)
(1739, 2.1261991151084223e-05)
(1740, 2.1260403813901303e-05)
(1741, 2.125927780972583e-05)
(1742, 2.1257808664011696e-05)
(1743, 2.1256628134771455e-05)
(1744, 2.1255334146073037e-05)
(1745, 2.125811050605979e-05)
(1746, 2.126139908696163e-05)
(1747, 2.1267774939733228e-05)
(1748, 2.1267049621952616e-05)
(1749, 2.1269183931792376e-05)
(1750, 2.1269944363406728e-05)
(1751, 2.1268419633118988e-05)
(1752, 2.1310675050425407e-05)
(1753, 2.1309984440947694e-05)
(1754, 2.1308610463215456e-05)
(1755, 2.1307408926408856e-05)
(1756, 2.1324375117142475e-05)
(1757, 2.1325101106977286e-05)
(1758, 2.1325086854796633e-05)
(1759, 2.140159329008724e-05)
(1760, 2.147324015492235e-05)
(1761, 2.147223322331262e-05)
(1762, 2.1472646353743064e-05)
(1763, 2.1472264776430006e-05)
(1764, 2.1470749968253162e-05)
(1765, 2.1469576690588726e-05)
(1766, 2.1494735567065826e-05)
(1767, 2.1537636070979742e-05)
(1768, 2.1541517489164123e-05)
(1769, 2.166399257884078e-05)
(1770, 2.166282643411456e-05)
(1771, 2.1699775627723256e-05)
(1772, 2.1700114384924247e-05)
(1773, 2.1698873372432275e-05)
(1774, 2.1698930339621047e-05)
(1775, 2.1831099940857417e-05)
(1776, 2.183006900186474e-05)
(1777, 2.1828926673088773e-05)
(1778, 2.186608692490746e-05)
(1779, 2.186492550332872e-05)
(1780, 2.186382163232297e-05)
(1781, 2.1862045217018862e-05)
(1782, 2.1897756790388983e-05)
(1783, 2.1896692514168835e-05)
(1784, 2.189871234894467e-05)
(1785, 2.18968083221121e-05)
(1786, 2.193510791021926e-05)
(1787, 2.1977785549470013e-05)
(1788, 2.197651163897825e-05)
(1789, 2.201844765265905e-05)
(1790, 2.2016482053106058e-05)
(1791, 2.2014909429607745e-05)
(1792, 2.209715551413995e-05)
(1793, 2.209922066088236e-05)
(1794, 2.209782751470206e-05)
(1795, 2.210390115867584e-05)
(1796, 2.210846475174107e-05)
(1797, 2.2106456715959805e-05)
(1798, 2.2104784620467892e-05)
(1799, 2.210417046952473e-05)
(1800, 2.214105709248947e-05)
(1801, 2.2139201930484662e-05)
(1802, 2.2143564191124878e-05)
(1803, 2.2145536745249133e-05)
(1804, 2.2210755479416733e-05)
(1805, 2.2220500252129628e-05)
(1806, 2.2219547616154912e-05)
(1807, 2.2268291654536325e-05)
(1808, 2.2305588009231517e-05)
(1809, 2.230442414289848e-05)
(1810, 2.239326154041356e-05)
(1811, 2.246609789204657e-05)
(1812, 2.24653439993084e-05)
(1813, 2.246437030775042e-05)
(1814, 2.2463397689722274e-05)
(1815, 2.2462095562419942e-05)
(1816, 2.246107026577685e-05)
(1817, 2.2458890273584793e-05)
(1818, 2.248366532398529e-05)
(1819, 2.2522761722501324e-05)
(1820, 2.257099098802268e-05)
(1821, 2.2572489661961908e-05)
(1822, 2.2610814313677217e-05)
(1823, 2.2671751992688097e-05)
(1824, 2.27026885432567e-05)
(1825, 2.2701481612373705e-05)
(1826, 2.273691342256123e-05)
(1827, 2.2734977461940028e-05)
(1828, 2.273534135729955e-05)
(1829, 2.2734447263747438e-05)
(1830, 2.280016623111696e-05)
(1831, 2.2799183031140228e-05)
(1832, 2.279645416633466e-05)
(1833, 2.2793564548135714e-05)
(1834, 2.2791605087295745e-05)
(1835, 2.2788993933057914e-05)
(1836, 2.2786058696526587e-05)
(1837, 2.2783779899630782e-05)
(1838, 2.27848223691261e-05)
(1839, 2.2844319389307543e-05)
(1840, 2.2843317002179506e-05)
(1841, 2.2980175600758977e-05)
(1842, 2.302834056277358e-05)
(1843, 2.3026154763143604e-05)
(1844, 2.3025435490489265e-05)
(1845, 2.3067101891730535e-05)
(1846, 2.30957763289724e-05)
(1847, 2.313270329376234e-05)
(1848, 2.313501242390991e-05)
(1849, 2.3174906913100416e-05)
(1850, 2.3173515030459778e-05)
(1851, 2.3209780071238643e-05)
(1852, 2.320750692424809e-05)
(1853, 2.3211064661515768e-05)
(1854, 2.321256892283436e-05)
(1855, 2.3210837036331065e-05)
(1856, 2.3246122070523944e-05)
(1857, 2.3246851113289354e-05)
(1858, 2.33178161559837e-05)
(1859, 2.33156011640753e-05)
(1860, 2.3350807818113476e-05)
(1861, 2.334873862104157e-05)
(1862, 2.3348068005168283e-05)
(1863, 2.3365916581289523e-05)
(1864, 2.33653447662716e-05)
(1865, 2.337496118475221e-05)
(1866, 2.3372563042369495e-05)
(1867, 2.3369899595253087e-05)
(1868, 2.337007634281889e-05)
(1869, 2.342584411378944e-05)
(1870, 2.34229960802564e-05)
(1871, 2.345606773785096e-05)
(1872, 2.351650793073524e-05)
(1873, 2.352263901762573e-05)
(1874, 2.3524761334133185e-05)
(1875, 2.3620641479889553e-05)
(1876, 2.36182851391211e-05)
(1877, 2.3616144292703574e-05)
(1878, 2.3613899229124142e-05)
(1879, 2.368605790333649e-05)
(1880, 2.3684097315244217e-05)
(1881, 2.3681607051836183e-05)
(1882, 2.374527253424323e-05)
(1883, 2.3743124239530515e-05)
(1884, 2.375185935048193e-05)
(1885, 2.381177878486541e-05)
(1886, 2.380943963795995e-05)
(1887, 2.380636104623919e-05)
(1888, 2.3803126754562798e-05)
(1889, 2.3800319271697576e-05)
(1890, 2.3801059821847255e-05)
(1891, 2.3798679584260026e-05)
(1892, 2.3796566196935877e-05)
(1893, 2.387316606749918e-05)
(1894, 2.3870698669030396e-05)
(1895, 2.3867442373353447e-05)
(1896, 2.3866035456804534e-05)
(1897, 2.3866000741869448e-05)
(1898, 2.3921340011115193e-05)
(1899, 2.3920960128974323e-05)
(1900, 2.3919580700366122e-05)
(1901, 2.3916677259759236e-05)
(1902, 2.3915354048854796e-05)
(1903, 2.3947873544799487e-05)
(1904, 2.394569511897079e-05)
(1905, 2.397700968220478e-05)
(1906, 2.4025762602217802e-05)
(1907, 2.4110174898544592e-05)
(1908, 2.4127622503021916e-05)
(1909, 2.4125041199127e-05)
(1910, 2.4155918167445674e-05)
(1911, 2.4189850172171227e-05)
(1912, 2.4187763389122038e-05)
(1913, 2.4184476539406925e-05)
(1914, 2.4181506606237332e-05)
(1915, 2.4224545043107734e-05)
(1916, 2.422489749368801e-05)
(1917, 2.4224884480618846e-05)
(1918, 2.422184759616945e-05)
(1919, 2.4219126542015832e-05)
(1920, 2.4216564512850405e-05)
(1921, 2.4213796924607695e-05)
(1922, 2.4211032216269504e-05)
(1923, 2.4212274634537447e-05)
(1924, 2.4243453256166278e-05)
(1925, 2.4244729429483415e-05)
(1926, 2.4243408203829054e-05)
(1927, 2.4240790925761488e-05)
(1928, 2.424901663383693e-05)
(1929, 2.424639928265209e-05)
(1930, 2.425782602048754e-05)
(1931, 2.4315020299055056e-05)
(1932, 2.431242454866445e-05)
(1933, 2.4329386487703403e-05)
(1934, 2.432678599342041e-05)
(1935, 2.4325273406405475e-05)
(1936, 2.432262600969123e-05)
(1937, 2.4410585402119204e-05)
(1938, 2.4407845176948605e-05)
(1939, 2.4405107778209335e-05)
(1940, 2.4404022578610895e-05)
(1941, 2.4444824262171414e-05)
(1942, 2.44455220682276e-05)
(1943, 2.453963145732542e-05)
(1944, 2.4537141952249738e-05)
(1945, 2.4536557275332644e-05)
(1946, 2.4534020460912342e-05)
(1947, 2.4531126781938378e-05)
(1948, 2.4528184798555696e-05)
(1949, 2.4531659368653064e-05)
(1950, 2.453118156737242e-05)
(1951, 2.4586419280387388e-05)
(1952, 2.462269662455732e-05)
(1953, 2.462068797721963e-05)
(1954, 2.465337946698329e-05)
(1955, 2.465130620733704e-05)
(1956, 2.4648161261230096e-05)
(1957, 2.465283773710031e-05)
(1958, 2.465061465253534e-05)
(1959, 2.4649465761816336e-05)
(1960, 2.4651073166454325e-05)
(1961, 2.468347954072252e-05)
(1962, 2.468119434268042e-05)
(1963, 2.4678402163289483e-05)
(1964, 2.4675816376247802e-05)
(1965, 2.473440369633773e-05)
(1966, 2.4731385252520912e-05)
(1967, 2.4728776591611684e-05)
(1968, 2.4725916455651264e-05)
(1969, 2.4724125705088014e-05)
(1970, 2.4721473880906394e-05)
(1971, 2.475241177872708e-05)
(1972, 2.4749444038219916e-05)
(1973, 2.4748202583252688e-05)
(1974, 2.479260568455118e-05)
(1975, 2.481519173877903e-05)
(1976, 2.4897825710007898e-05)
(1977, 2.489539890723905e-05)
(1978, 2.493953668485095e-05)
(1979, 2.493784928100467e-05)
(1980, 2.4935203919544666e-05)
(1981, 2.493256122881809e-05)
(1982, 2.5046671910811024e-05)
(1983, 2.5045942346998914e-05)
(1984, 2.5087300239266048e-05)
(1985, 2.508614803441526e-05)
(1986, 2.5135349371627137e-05)
(1987, 2.5132865629524037e-05)
(1988, 2.512957955105324e-05)
(1989, 2.5127955856126657e-05)
(1990, 2.5125328760275887e-05)
(1991, 2.5126370889032265e-05)
(1992, 2.5123947914353158e-05)
(1993, 2.5121527487983132e-05)
(1994, 2.515250971071878e-05)
(1995, 2.5149826707323095e-05)
(1996, 2.5211725517442984e-05)
(1997, 2.520861506133779e-05)
(1998, 2.5206859022177554e-05)
(1999, 2.5244574484160507e-05)
(2000, 2.5250652222894132e-05)
(2001, 2.5248328020897645e-05)
(2002, 2.5246006140781272e-05)
(2003, 2.5314680164418574e-05)
(2004, 2.5312028088218377e-05)
(2005, 2.5309428475109717e-05)
(2006, 2.5310171517364286e-05)
(2007, 2.5307176927940787e-05)
(2008, 2.531110762666718e-05)
(2009, 2.5338030987196208e-05)
(2010, 2.5341992234042034e-05)
(2011, 2.5339136900466392e-05)
(2012, 2.5336185116580064e-05)
(2013, 2.5348983852167777e-05)
(2014, 2.53802406080918e-05)
(2015, 2.5377768986204423e-05)
(2016, 2.54024824474953e-05)
(2017, 2.5413239773697173e-05)
(2018, 2.541075547376225e-05)
(2019, 2.5459289031380943e-05)
(2020, 2.5456635936135703e-05)
(2021, 2.5489116626718387e-05)
(2022, 2.5486401890235944e-05)
(2023, 2.553910261008095e-05)
(2024, 2.5669369904560003e-05)
(2025, 2.5702866576152083e-05)
(2026, 2.5736182047328146e-05)
(2027, 2.573320417438432e-05)
(2028, 2.572993337795785e-05)
(2029, 2.572637009115393e-05)
(2030, 2.5758918677571373e-05)
(2031, 2.5755443102632e-05)
(2032, 2.575507130855181e-05)
(2033, 2.575681493990948e-05)
(2034, 2.5755115450454203e-05)
(2035, 2.5784425066751988e-05)
(2036, 2.5846122298389673e-05)
(2037, 2.5875505679924816e-05)
(2038, 2.5871739438547587e-05)
(2039, 2.5868124080535943e-05)
(2040, 2.586465938400258e-05)
(2041, 2.586124702149136e-05)
(2042, 2.594574194503665e-05)
(2043, 2.5952621205831588e-05)
(2044, 2.594892625421752e-05)
(2045, 2.594616396175037e-05)
(2046, 2.5942524597376498e-05)
(2047, 2.5939133107429257e-05)
(2048, 2.5940432351490017e-05)
(2049, 2.599331657568119e-05)
(2050, 2.5990880775924136e-05)
(2051, 2.5998588823061755e-05)
(2052, 2.5996299084733454e-05)
(2053, 2.5993475714980598e-05)
(2054, 2.5990314350010937e-05)
(2055, 2.598725338613755e-05)
(2056, 2.5984292676860778e-05)
(2057, 2.6021344477639478e-05)
(2058, 2.6019099005565874e-05)
(2059, 2.602020671184981e-05)
(2060, 2.60172842423097e-05)
(2061, 2.6064097731293317e-05)
(2062, 2.606101137622974e-05)
(2063, 2.60578310663369e-05)
(2064, 2.6086291506734872e-05)
(2065, 2.6082908328775922e-05)
(2066, 2.6079722038233096e-05)
(2067, 2.60788610544782e-05)
(2068, 2.6096666310112237e-05)
(2069, 2.6139200571879436e-05)
(2070, 2.613575164012719e-05)
(2071, 2.6132354381499172e-05)
(2072, 2.6187840709822347e-05)
(2073, 2.6184855701983177e-05)
(2074, 2.6203136937827474e-05)
(2075, 2.6228629411703133e-05)
(2076, 2.622876005868117e-05)
(2077, 2.6268466968998693e-05)
(2078, 2.6264872972936843e-05)
(2079, 2.6293701777604694e-05)
(2080, 2.6290627899400603e-05)
(2081, 2.6335322500843374e-05)
(2082, 2.6333432306430867e-05)
(2083, 2.634229772937481e-05)
(2084, 2.6339590312616324e-05)
(2085, 2.6335830328990515e-05)
(2086, 2.633216982834177e-05)
(2087, 2.6329087827999053e-05)
(2088, 2.6325625635084063e-05)
(2089, 2.6321831610019895e-05)
(2090, 2.63551225591647e-05)
(2091, 2.6353135382527657e-05)
(2092, 2.63539225933272e-05)
(2093, 2.6383949488194948e-05)
(2094, 2.638042320469759e-05)
(2095, 2.637780727129563e-05)
(2096, 2.6374764385889107e-05)
(2097, 2.6372010527826174e-05)
(2098, 2.637826788769209e-05)
(2099, 2.642229919088006e-05)
(2100, 2.6419193350843022e-05)
(2101, 2.641590008036061e-05)
(2102, 2.6415416759950108e-05)
(2103, 2.6411367593580238e-05)
(2104, 2.6407749980808495e-05)
(2105, 2.6404278268794265e-05)
(2106, 2.6402756742467964e-05)
(2107, 2.640375204907671e-05)
(2108, 2.6408541506682954e-05)
(2109, 2.643584906118721e-05)
(2110, 2.643284630648333e-05)
(2111, 2.642861474349509e-05)
(2112, 2.6462597320046783e-05)
(2113, 2.645939675376165e-05)
(2114, 2.6456483149885174e-05)
(2115, 2.645990793674691e-05)
(2116, 2.6610493968066623e-05)
(2117, 2.6607276879719084e-05)
(2118, 2.6698161146979045e-05)
(2119, 2.6736151578222148e-05)
(2120, 2.673302133532487e-05)
(2121, 2.6729564063465296e-05)
(2122, 2.6726298552957995e-05)
(2123, 2.6724213542126283e-05)
(2124, 2.6768787826276376e-05)
(2125, 2.676484963911421e-05)
(2126, 2.6761009121315445e-05)
(2127, 2.6757783463577683e-05)
(2128, 2.6753714966370646e-05)
(2129, 2.6750026057273526e-05)
(2130, 2.674662230422659e-05)
(2131, 2.6764197699841005e-05)
(2132, 2.683752599062213e-05)
(2133, 2.6834320470837432e-05)
(2134, 2.6830227438084634e-05)
(2135, 2.6826278810374074e-05)
(2136, 2.6822427513552237e-05)
(2137, 2.6818720260386608e-05)
(2138, 2.6816045482084504e-05)
(2139, 2.685685147012768e-05)
(2140, 2.6858834197274713e-05)
(2141, 2.6964271481991484e-05)
(2142, 2.6981281634006235e-05)
(2143, 2.6977557243063968e-05)
(2144, 2.7003500622752775e-05)
(2145, 2.707734515148026e-05)
(2146, 2.7137886943731314e-05)
(2147, 2.7141269403984784e-05)
(2148, 2.7138410306065664e-05)
(2149, 2.7134204448039114e-05)
(2150, 2.7129955936309904e-05)
(2151, 2.71571386408066e-05)
(2152, 2.715297646605891e-05)
(2153, 2.7152301641540146e-05)
(2154, 2.7169640363646305e-05)
(2155, 2.7166731037597092e-05)
(2156, 2.7167210281966515e-05)
(2157, 2.716305297805885e-05)
(2158, 2.716172629392484e-05)
(2159, 2.7157575381214887e-05)
(2160, 2.7153752442380344e-05)
(2161, 2.7151043647068454e-05)
(2162, 2.7150973771542834e-05)
(2163, 2.7148314944149385e-05)
(2164, 2.7147322172701856e-05)
(2165, 2.7143512798718437e-05)
(2166, 2.7140353299808084e-05)
(2167, 2.7136504456717185e-05)
(2168, 2.713284366746945e-05)
(2169, 2.71341655448031e-05)
(2170, 2.7137421702425327e-05)
(2171, 2.7138463880837595e-05)
(2172, 2.7135453503373083e-05)
(2173, 2.7133964492437535e-05)
(2174, 2.713022297788017e-05)
(2175, 2.7127956286415285e-05)
(2176, 2.715115110999357e-05)
(2177, 2.714938212050913e-05)
(2178, 2.7148854380851496e-05)
(2179, 2.7147914142360268e-05)
(2180, 2.7173626078549056e-05)
(2181, 2.722109344278465e-05)
(2182, 2.7276858227288198e-05)
(2183, 2.7272791827402145e-05)
(2184, 2.726886656831254e-05)
(2185, 2.727679848602762e-05)
(2186, 2.7364366244753076e-05)
(2187, 2.7360267375919937e-05)
(2188, 2.7397899804177134e-05)
(2189, 2.7394291824397837e-05)
(2190, 2.7390321839992042e-05)
(2191, 2.7417574126302298e-05)
(2192, 2.74150570077876e-05)
(2193, 2.7475469735927957e-05)
(2194, 2.747493390241806e-05)
(2195, 2.7470890716872346e-05)
(2196, 2.7467443150568256e-05)
(2197, 2.74633160212811e-05)
(2198, 2.7488355479924324e-05)
(2199, 2.7572853777010424e-05)
(2200, 2.7619866146282715e-05)
(2201, 2.76179489777379e-05)
(2202, 2.7615261360576596e-05)
(2203, 2.769382911067603e-05)
(2204, 2.769433099695375e-05)
(2205, 2.7690660166226817e-05)
(2206, 2.76870832205197e-05)
(2207, 2.773253539999956e-05)
(2208, 2.7780301499423448e-05)
(2209, 2.7800319508062116e-05)
(2210, 2.7796744718743127e-05)
(2211, 2.7792947071978056e-05)
(2212, 2.7789378742507203e-05)
(2213, 2.7815953790939506e-05)
(2214, 2.781228806365823e-05)
(2215, 2.781693260216955e-05)
(2216, 2.781308923481496e-05)
(2217, 2.780988082343466e-05)
(2218, 2.7806945821157815e-05)
(2219, 2.780288687448423e-05)
(2220, 2.7858336070166514e-05)
(2221, 2.785385236184321e-05)
(2222, 2.7849867690143342e-05)
(2223, 2.784561669580501e-05)
(2224, 2.7844247244057252e-05)
(2225, 2.787308129115721e-05)
(2226, 2.7868825702125547e-05)
(2227, 2.7921286963183995e-05)
(2228, 2.791827019551498e-05)
(2229, 2.7975193364817287e-05)
(2230, 2.798753636033011e-05)
(2231, 2.79844939543401e-05)
(2232, 2.798714422984683e-05)
(2233, 2.8036142321135824e-05)
(2234, 2.803285847999149e-05)
(2235, 2.8028682716007466e-05)
(2236, 2.8026746840037952e-05)
(2237, 2.8022845759887913e-05)
(2238, 2.8019573729255565e-05)
(2239, 2.8015947316296135e-05)
(2240, 2.8012547305219674e-05)
(2241, 2.8012273957830676e-05)
(2242, 2.800794199929904e-05)
(2243, 2.8004015206699386e-05)
(2244, 2.8000359191873015e-05)
(2245, 2.7996216504471605e-05)
(2246, 2.7994437222820994e-05)
(2247, 2.799475116677612e-05)
(2248, 2.7993997207633964e-05)
(2249, 2.8034729080538902e-05)
(2250, 2.803058032360342e-05)
(2251, 2.8031988330897042e-05)
(2252, 2.8029531773947324e-05)
(2253, 2.802543518209108e-05)
(2254, 2.8023826716155368e-05)
(2255, 2.80231509993716e-05)
(2256, 2.8019328642940373e-05)
(2257, 2.8054455215153464e-05)
(2258, 2.805071105839036e-05)
(2259, 2.8047280038957207e-05)
(2260, 2.8043409574579085e-05)
(2261, 2.8139675157173498e-05)
(2262, 2.816786269462156e-05)
(2263, 2.8165358139701613e-05)
(2264, 2.816148658032947e-05)
(2265, 2.815748593681564e-05)
(2266, 2.8153841872021412e-05)
(2267, 2.815090680604182e-05)
(2268, 2.814673975100199e-05)
(2269, 2.8191716871981632e-05)
(2270, 2.819105966369486e-05)
(2271, 2.8188465649482703e-05)
(2272, 2.820915729053397e-05)
(2273, 2.820558960312298e-05)
(2274, 2.8201937204490602e-05)
(2275, 2.8197716532663984e-05)
(2276, 2.819921138822404e-05)
(2277, 2.8195698305041738e-05)
(2278, 2.8195041759206184e-05)
(2279, 2.8193288757749793e-05)
(2280, 2.8189388205901833e-05)
(2281, 2.818544718229891e-05)
(2282, 2.8212184488845174e-05)
(2283, 2.820814942979416e-05)
(2284, 2.8234240419562457e-05)
(2285, 2.823151205819206e-05)
(2286, 2.8257919960245424e-05)
(2287, 2.83056428264232e-05)
(2288, 2.8302974248357066e-05)
(2289, 2.833014643393447e-05)
(2290, 2.8325766467338827e-05)
(2291, 2.8323398196491703e-05)
(2292, 2.8319112256812957e-05)
(2293, 2.8314568387483384e-05)
(2294, 2.8316218486346414e-05)
(2295, 2.83162549852286e-05)
(2296, 2.831254577919685e-05)
(2297, 2.8344059669529038e-05)
(2298, 2.8340341592186476e-05)
(2299, 2.8382472814639634e-05)
(2300, 2.837856735467263e-05)
(2301, 2.8374448041393154e-05)
(2302, 2.837146176826322e-05)
(2303, 2.8396832372118118e-05)
(2304, 2.8393057719869022e-05)
(2305, 2.83946658923026e-05)
(2306, 2.839046169770276e-05)
(2307, 2.8414349687315192e-05)
(2308, 2.8431371271616718e-05)
(2309, 2.843317666101915e-05)
(2310, 2.8430564970068342e-05)
(2311, 2.842618135170393e-05)
(2312, 2.8421974537094934e-05)
(2313, 2.8462388777805003e-05)
(2314, 2.8481938298260382e-05)
(2315, 2.8504278675751603e-05)
(2316, 2.8572757028699537e-05)
(2317, 2.85819617217028e-05)
(2318, 2.8589475924845036e-05)
(2319, 2.867154166208433e-05)
(2320, 2.8667243594978134e-05)
(2321, 2.866652525338645e-05)
(2322, 2.866262069868821e-05)
(2323, 2.8658332022526784e-05)
(2324, 2.8696215732372566e-05)
(2325, 2.869324958933297e-05)
(2326, 2.8689082304331267e-05)
(2327, 2.8723423106281296e-05)
(2328, 2.8747768694202053e-05)
(2329, 2.8743282657879625e-05)
(2330, 2.8783564511766507e-05)
(2331, 2.8815317630499333e-05)
(2332, 2.881162320655063e-05)
(2333, 2.881118958273825e-05)
(2334, 2.8815126543722554e-05)
(2335, 2.8814392052670617e-05)
(2336, 2.8809762662691255e-05)
(2337, 2.88069343244578e-05)
(2338, 2.883114006332065e-05)
(2339, 2.8827962974845318e-05)
(2340, 2.8825216055011903e-05)
(2341, 2.8947204357790468e-05)
(2342, 2.8973187611817702e-05)
(2343, 2.8989716312548722e-05)
(2344, 2.8985027925495962e-05)
(2345, 2.9010577961357672e-05)
(2346, 2.903546687399767e-05)
(2347, 2.903174491885702e-05)
(2348, 2.9028409392314327e-05)
(2349, 2.9024353037556978e-05)
(2350, 2.905255540254268e-05)
(2351, 2.9047811661360872e-05)
(2352, 2.9092774267916625e-05)
(2353, 2.9088357460312625e-05)
(2354, 2.908373204872531e-05)
(2355, 2.9079704950791003e-05)
(2356, 2.907546909513341e-05)
(2357, 2.9081164684982738e-05)
(2358, 2.9155769759822287e-05)
(2359, 2.9179739267196175e-05)
(2360, 2.9175468203532745e-05)
(2361, 2.9170904320391344e-05)
(2362, 2.9167106274947535e-05)
(2363, 2.917054801362705e-05)
(2364, 2.9204401377487657e-05)
(2365, 2.9200720886284404e-05)
(2366, 2.923588538487282e-05)
(2367, 2.9231180752858514e-05)
(2368, 2.922686021397444e-05)
(2369, 2.9222880922172986e-05)
(2370, 2.9219284787271093e-05)
(2371, 2.9215101213149258e-05)
(2372, 2.9230819941258048e-05)
(2373, 2.9286179923893178e-05)
(2374, 2.9282141951553795e-05)
(2375, 2.9277981111877844e-05)
(2376, 2.9273697462008157e-05)
(2377, 2.931405350935775e-05)
(2378, 2.9312701867634856e-05)
(2379, 2.9308829372791796e-05)
(2380, 2.930827943623817e-05)
(2381, 2.9344479261996465e-05)
(2382, 2.948493082123229e-05)
(2383, 2.9483762094098333e-05)
(2384, 2.9571185040056406e-05)
(2385, 2.9593670986733348e-05)
(2386, 2.9589524449685344e-05)
(2387, 2.961336622567895e-05)
(2388, 2.960892173054455e-05)
(2389, 2.9604648489016975e-05)
(2390, 2.9628035694236038e-05)
(2391, 2.9629027737372343e-05)
(2392, 2.9654809963705648e-05)
(2393, 2.9651067895691014e-05)
(2394, 2.964854027621554e-05)
(2395, 2.9784135932651093e-05)
(2396, 2.9816613291609467e-05)
(2397, 2.9812017350792137e-05)
(2398, 2.987152027638879e-05)
(2399, 2.986807244153955e-05)
(2400, 2.9927960713393987e-05)
(2401, 2.992619973285801e-05)
(2402, 2.9928561863795753e-05)
(2403, 2.9924055607931295e-05)
(2404, 2.992300565793069e-05)
(2405, 2.991917074547612e-05)
(2406, 2.9914757137745e-05)
(2407, 2.9909848647620057e-05)
(2408, 2.9905234885856854e-05)
(2409, 2.990083255943865e-05)
(2410, 2.9896267910035814e-05)
(2411, 2.9892080387371745e-05)
(2412, 2.988731590135156e-05)
(2413, 2.9886119323174735e-05)
(2414, 2.9882438216194844e-05)
(2415, 2.9878014906870654e-05)
(2416, 2.991945615010521e-05)
(2417, 2.9914524601938115e-05)
(2418, 2.993511413882669e-05)
(2419, 2.9930221582922675e-05)
(2420, 2.9992399167669706e-05)
(2421, 3.0006157008885646e-05)
(2422, 3.000153015228488e-05)
(2423, 3.0001859690684993e-05)
(2424, 2.999707340668555e-05)
(2425, 3.0026023093726218e-05)
(2426, 3.002156065477508e-05)
(2427, 3.001681342107011e-05)
(2428, 3.0012028959243752e-05)
(2429, 3.0033390841743198e-05)
(2430, 3.0028768106068602e-05)
(2431, 3.00559878781444e-05)
(2432, 3.005160636492196e-05)
(2433, 3.0047022896419568e-05)
(2434, 3.0042032344647873e-05)
(2435, 3.0037210164190074e-05)
(2436, 3.0059157144308872e-05)
(2437, 3.0077064840163566e-05)
(2438, 3.0130642722952894e-05)
(2439, 3.0151294378617985e-05)
(2440, 3.014627336448089e-05)
(2441, 3.018337038652006e-05)
(2442, 3.017862695425651e-05)
(2443, 3.0177653295598312e-05)
(2444, 3.019922547066758e-05)
(2445, 3.0194644974297053e-05)
(2446, 3.027674033461125e-05)
(2447, 3.0271968437784246e-05)
(2448, 3.0268017439250804e-05)
(2449, 3.0263048787203893e-05)
(2450, 3.0258451683484778e-05)
(2451, 3.0253980683428033e-05)
(2452, 3.0250165863707053e-05)
(2453, 3.0249533958389864e-05)
(2454, 3.0237492633119724e-05)
(2455, 3.0225461117483206e-05)
(2456, 3.0213398635175068e-05)
(2457, 3.0201386624706874e-05)
(2458, 3.0189425119201132e-05)
(2459, 3.0177473342451395e-05)
(2460, 3.0205531303233247e-05)
(2461, 3.020341607618264e-05)
(2462, 3.0198499993863723e-05)
(2463, 3.0193669105896222e-05)
(2464, 3.018928861832125e-05)
(2465, 3.02144856160057e-05)
(2466, 3.021103278971719e-05)
(2467, 3.0228944856221976e-05)
(2468, 3.022646151839286e-05)
(2469, 3.0214502598747833e-05)
(2470, 3.0202553362438553e-05)
(2471, 3.0190532952426464e-05)
(2472, 3.0178764893772823e-05)
(2473, 3.016696596240231e-05)
(2474, 3.0155095728016373e-05)
(2475, 3.0143194728427464e-05)
(2476, 3.0131222471829523e-05)
(2477, 3.011930030069382e-05)
(2478, 3.0114813057571963e-05)
(2479, 3.010988565700556e-05)
(2480, 3.0105083339637326e-05)
(2481, 3.0101574705864863e-05)
(2482, 3.0097263091447177e-05)
(2483, 3.0093075725558638e-05)
(2484, 3.013981762304662e-05)
(2485, 3.013557630780357e-05)
(2486, 3.0131861290273317e-05)
(2487, 3.012915454193752e-05)
(2488, 3.0125203932458804e-05)
(2489, 3.0121296627747096e-05)
(2490, 3.017317559794489e-05)
(2491, 3.0169131691163442e-05)
(2492, 3.0193502067724306e-05)
(2493, 3.0190536339169184e-05)
(2494, 3.019037974644348e-05)
(2495, 3.0217958774738654e-05)
(2496, 3.0213544493726193e-05)
(2497, 3.020925394009126e-05)
(2498, 3.0204366290087316e-05)
(2499, 3.0199882808048614e-05)
(2500, 3.0195682868361474e-05)
(2501, 3.02159564993361e-05)
(2502, 3.0217468917226905e-05)
(2503, 3.0221776698935142e-05)
(2504, 3.023638453977272e-05)
(2505, 3.025976321966705e-05)
(2506, 3.025558939187268e-05)
(2507, 3.025117956211855e-05)
(2508, 3.0268543471167817e-05)
(2509, 3.0269273476962455e-05)
(2510, 3.026900683117815e-05)
(2511, 3.0290285531136203e-05)
(2512, 3.0286149192263318e-05)
(2513, 3.0363353348785172e-05)
(2514, 3.0432500844627215e-05)
(2515, 3.0430420311112292e-05)
(2516, 3.042691057793713e-05)
(2517, 3.050929954794247e-05)
(2518, 3.0505721515741396e-05)
(2519, 3.0500995111328215e-05)
(2520, 3.0497264482879214e-05)
(2521, 3.049254527508338e-05)
(2522, 3.055702085465689e-05)
(2523, 3.058184962608939e-05)
(2524, 3.057745895636299e-05)
(2525, 3.057311141476183e-05)
(2526, 3.05747056028917e-05)
(2527, 3.0570006481551305e-05)
(2528, 3.058754207560486e-05)
(2529, 3.061036237936427e-05)
(2530, 3.060798672407041e-05)
(2531, 3.060324232346783e-05)
(2532, 3.059862020070919e-05)
(2533, 3.061989988533113e-05)
(2534, 3.061515649217574e-05)
(2535, 3.061049573740663e-05)
(2536, 3.060934810285172e-05)
(2537, 3.060489035056222e-05)
(2538, 3.060283955080923e-05)
(2539, 3.0623279569150424e-05)
(2540, 3.0618349152551154e-05)
(2541, 3.0613698055018404e-05)
(2542, 3.060897193808053e-05)
(2543, 3.060428890781613e-05)
(2544, 3.069560012396472e-05)
(2545, 3.06931656395581e-05)
(2546, 3.068892638954771e-05)
(2547, 3.0711113684051964e-05)
(2548, 3.070639975637993e-05)
(2549, 3.070408259523925e-05)
(2550, 3.070015935044662e-05)
(2551, 3.069721924244002e-05)
(2552, 3.075576268740839e-05)
(2553, 3.0751001287530416e-05)
(2554, 3.074647863479382e-05)
(2555, 3.0781059305378603e-05)
(2556, 3.0801841385767494e-05)
(2557, 3.0797421436874856e-05)
(2558, 3.079707065103481e-05)
(2559, 3.079328126987008e-05)
(2560, 3.078937770624179e-05)
(2561, 3.078493043454491e-05)
(2562, 3.0781267280635845e-05)
(2563, 3.077686570622565e-05)
(2564, 3.0773169598607536e-05)
(2565, 3.077259530507566e-05)
(2566, 3.0821670643079355e-05)
(2567, 3.081753283643309e-05)
(2568, 3.081332037016471e-05)
(2569, 3.0835502795112327e-05)
(2570, 3.083128670542157e-05)
(2571, 3.082932975361988e-05)
(2572, 3.084479271713789e-05)
(2573, 3.084042238044776e-05)
(2574, 3.086212387839629e-05)
(2575, 3.085747840407404e-05)
(2576, 3.085314709785747e-05)
(2577, 3.08485863225077e-05)
(2578, 3.084430066092681e-05)
(2579, 3.084063872307851e-05)
(2580, 3.083659202409114e-05)
(2581, 3.093560917266161e-05)
(2582, 3.093179989112707e-05)
(2583, 3.09272580197787e-05)
(2584, 3.092376451835544e-05)
(2585, 3.091961602955999e-05)
(2586, 3.091632149038924e-05)
(2587, 3.091244962661134e-05)
(2588, 3.095344176812463e-05)
(2589, 3.094901780422681e-05)
(2590, 3.0944944794458774e-05)
(2591, 3.094095211951993e-05)
(2592, 3.094082057941705e-05)
(2593, 3.0936678401720694e-05)
(2594, 3.095663343997831e-05)
(2595, 3.095349029553534e-05)
(2596, 3.094880863915102e-05)
(2597, 3.096788881714522e-05)
(2598, 3.098787810134374e-05)
(2599, 3.100846753974931e-05)
(2600, 3.100769504761467e-05)
(2601, 3.100323223325208e-05)
(2602, 3.100119412681238e-05)
(2603, 3.10273173927425e-05)
(2604, 3.1022468246319284e-05)
(2605, 3.101885123911265e-05)
(2606, 3.1013970644980186e-05)
(2607, 3.1034563699152035e-05)
(2608, 3.1029987573892195e-05)
(2609, 3.106017918645445e-05)
(2610, 3.1087244236377923e-05)
(2611, 3.108261484825397e-05)
(2612, 3.111275163611788e-05)
(2613, 3.113253250606914e-05)
(2614, 3.1153292804186867e-05)
(2615, 3.114841579251262e-05)
(2616, 3.114400131753233e-05)
(2617, 3.1180323835036704e-05)
(2618, 3.117559487647551e-05)
(2619, 3.117426775421474e-05)
(2620, 3.1195117253099234e-05)
(2621, 3.1192181329891365e-05)
(2622, 3.124832464801183e-05)
(2623, 3.1243502618649106e-05)
(2624, 3.123872233029432e-05)
(2625, 3.127207899732249e-05)
(2626, 3.127566920359309e-05)
(2627, 3.1291171454593716e-05)
(2628, 3.128953857837837e-05)
(2629, 3.128528239658211e-05)
(2630, 3.1325782245527883e-05)
(2631, 3.135279633376658e-05)
(2632, 3.1348102988595976e-05)
(2633, 3.134307143463411e-05)
(2634, 3.13381955625833e-05)
(2635, 3.1335486551531124e-05)
(2636, 3.133323492287278e-05)
(2637, 3.1327989018088855e-05)
(2638, 3.132373278140118e-05)
(2639, 3.131894926233877e-05)
(2640, 3.131420729032746e-05)
(2641, 3.1386144333707706e-05)
(2642, 3.142350761855781e-05)
(2643, 3.146284789825158e-05)
(2644, 3.1543194732675256e-05)
(2645, 3.153830132885556e-05)
(2646, 3.153295810556128e-05)
(2647, 3.152784559288856e-05)
(2648, 3.152288800018229e-05)
