(1, 1.800013706088066e-06)
(2, 3.90014611184597e-06)
(3, 6.300164386630058e-06)
(4, 7.6000578701496124e-06)
(5, 9.299954399466515e-06)
(6, 1.100008375942707e-05)
(7, 1.2500211596488953e-05)
(8, 1.3700220733880997e-05)
(9, 1.5200348570942879e-05)
(10, 1.6400357708334923e-05)
(11, 1.9000377506017685e-05)
(12, 2.0600389689207077e-05)
(13, 2.2500287741422653e-05)
(14, 2.4500302970409393e-05)
(15, 2.6100315153598785e-05)
(16, 2.7100322768092155e-05)
(17, 2.8500333428382874e-05)
(18, 3.030034713447094e-05)
(19, 3.190035931766033e-05)
(20, 3.330036997795105e-05)
(21, 3.600027412176132e-05)
(22, 3.7100398913025856e-05)
(23, 3.860052675008774e-05)
(24, 4.0100421756505966e-05)
(25, 4.160054959356785e-05)
(26, 4.29004430770874e-05)
(27, 4.430045373737812e-05)
(28, 4.580034874379635e-05)
(29, 4.830025136470795e-05)
(30, 4.950026050209999e-05)
(31, 5.120015703141689e-05)
(32, 5.2800169214606285e-05)
(33, 5.470006726682186e-05)
(34, 5.810009315609932e-05)
(35, 5.9900106862187386e-05)
(36, 6.150011904537678e-05)
(37, 6.280001252889633e-05)
(38, 6.450014188885689e-05)
(39, 6.59001525491476e-05)
(40, 6.720004603266716e-05)
(41, 6.84000551700592e-05)
(42, 7.060007192194462e-05)
(43, 7.190019823610783e-05)
(44, 7.350021041929722e-05)
(45, 7.500010542571545e-05)
(46, 7.630023173987865e-05)
(47, 7.800012826919556e-05)
(48, 7.930025458335876e-05)
(49, 8.050026372075081e-05)
(50, 8.190027438104153e-05)
(51, 8.320016786456108e-05)
(52, 8.450006134808064e-05)
(53, 8.580018766224384e-05)
(54, 8.690031245350838e-05)
(55, 8.840044029057026e-05)
(56, 8.970033377408981e-05)
(57, 9.100046008825302e-05)
(58, 9.230058640241623e-05)
(59, 9.360071271657944e-05)
(60, 9.460072033107281e-05)
(61, 9.570061229169369e-05)
(62, 9.690062142908573e-05)
(63, 9.810063056647778e-05)
(64, 9.990041144192219e-05)
(65, 0.00010480033233761787)
(66, 0.00010600034147500992)
(67, 0.00010730046778917313)
(68, 0.00010840059258043766)
(69, 0.00010950048454105854)
(70, 0.00011080061085522175)
(71, 0.00011240039020776749)
(72, 0.0001137005165219307)
(73, 0.00011510052718222141)
(74, 0.00011710054241120815)
(75, 0.00011820066720247269)
(76, 0.00011940044350922108)
(77, 0.00012050056830048561)
(78, 0.00012170057743787766)
(79, 0.00012290035374462605)
(80, 0.00012430036440491676)
(81, 0.00012670038267970085)
(82, 0.0001279003918170929)
(83, 0.00012910040095448494)
(84, 0.00013050041161477566)
(85, 0.0001318003050982952)
(86, 0.0001334003172814846)
(87, 0.00013600033707916737)
(88, 0.00013730046339333057)
(89, 0.0001387004740536213)
(90, 0.000140100484713912)
(91, 0.0001425005029886961)
(92, 0.00014350051060318947)
(93, 0.00014500063844025135)
(94, 0.00014820066280663013)
(95, 0.00014940067194402218)
(96, 0.00015030056238174438)
(97, 0.00015160045586526394)
(98, 0.00015290058217942715)
(99, 0.00015400070697069168)
(100, 0.0001554007176309824)
(101, 0.00015790085308253765)
(102, 0.00015900074504315853)
(103, 0.00015980075113475323)
(104, 0.00016070064157247543)
(105, 0.0001616007648408413)
(106, 0.0001625006552785635)
(107, 0.0001633006613701582)
(108, 0.00016430066898465157)
(109, 0.00016510067507624626)
(110, 0.0001662007998675108)
(111, 0.00022520078346133232)
(112, 0.000737600727006793)
(113, 0.0007707008626312017)
(114, 0.0008296007290482521)
(115, 0.0008921006228774786)
(116, 0.0009213006123900414)
(117, 0.0009514004923403263)
(118, 0.0009896005503833294)
(119, 0.0010192005429416895)
(120, 0.0010202005505561829)
(121, 0.0010212005581706762)
(122, 0.001022000564262271)
(123, 0.0010227006860077381)
(124, 0.0010235006920993328)
(125, 0.0010242005810141563)
(126, 0.0010250003542751074)
(127, 0.0010259004775434732)
(128, 0.0010270003695040941)
(129, 0.0010278003755956888)
(130, 0.001028700266033411)
(131, 0.0010295002721250057)
(132, 0.0010306003969162703)
(133, 0.001031400403007865)
(134, 0.001166200265288353)
(135, 0.00119750015437603)
(136, 0.0012300002854317427)
(137, 0.0012618002947419882)
(138, 0.0012924002949148417)
(139, 0.0013222002889961004)
(140, 0.001452900469303131)
(141, 0.0014900004025548697)
(142, 0.00152860046364367)
(143, 0.0015578006859868765)
(144, 0.001599000534042716)
(145, 0.001600100426003337)
(146, 0.0016009004320949316)
(147, 0.0016016005538403988)
(148, 0.0016022005584090948)
(149, 0.0016030005645006895)
(150, 0.001604100689291954)
(151, 0.0016051006969064474)
(152, 0.0016063007060438395)
(153, 0.0016069007106125355)
(154, 0.0016073007136583328)
(155, 0.0016084006056189537)
(156, 0.0016090006101876497)
(157, 0.0016098006162792444)
(158, 0.0016102006193250418)
(159, 0.0016110006254166365)
(160, 0.001612100750207901)
(161, 0.0016689007170498371)
(162, 0.0016998008359223604)
(163, 0.0019053008873015642)
(164, 0.001942700706422329)
(165, 0.001972000580281019)
(166, 0.0021726007107645273)
(167, 0.002219600835815072)
(168, 0.002248900942504406)
(169, 0.0022801009472459555)
(170, 0.0023084008134901524)
(171, 0.0023385006934404373)
(172, 0.0025681008119136095)
(173, 0.0025692007038742304)
(174, 0.0025702007114887238)
(175, 0.002571200719103217)
(176, 0.002572300611063838)
(177, 0.0025731006171554327)
(178, 0.0025739006232470274)
(179, 0.0025745003949850798)
(180, 0.002595300320535898)
(181, 0.0026288002263754606)
(182, 0.002648700028657913)
(183, 0.002670200075954199)
(184, 0.0026932000182569027)
(185, 0.0027281001675873995)
(186, 0.0027731002774089575)
(187, 0.002804600168019533)
(188, 0.002839800203219056)
(189, 0.002997300121933222)
(190, 0.0030353001784533262)
(191, 0.00307190022431314)
(192, 0.003111300291493535)
(193, 0.0031517003662884235)
(194, 0.0031721005216240883)
(195, 0.0031988006085157394)
(196, 0.003466300666332245)
(197, 0.003487200476229191)
(198, 0.0035074003972113132)
(199, 0.003547600470483303)
(200, 0.0035793003626167774)
(201, 0.003611200489103794)
(202, 0.0036548005882650614)
(203, 0.003702000482007861)
(204, 0.00381490052677691)
(205, 0.0038450006395578384)
(206, 0.0038807005621492863)
(207, 0.003912500571459532)
(208, 0.0041815005242824554)
(209, 0.004214100539684296)
(210, 0.004433300578966737)
(211, 0.004462800687178969)
(212, 0.004492100793868303)
(213, 0.00452370080165565)
(214, 0.004565900657325983)
(215, 0.004610000876709819)
(216, 0.004647800931707025)
(217, 0.004729201085865498)
(218, 0.004759001079946756)
(219, 0.004801201168447733)
(220, 0.0048383011016994715)
(221, 0.004869501106441021)
(222, 0.004898601211607456)
(223, 0.004930501105263829)
(224, 0.004964601248502731)
(225, 0.00500470120459795)
(226, 0.005048701306805015)
(227, 0.005079001188278198)
(228, 0.005110001191496849)
(229, 0.005161401117220521)
(230, 0.005210301140323281)
(231, 0.005230901297181845)
(232, 0.005262901308014989)
(233, 0.005306101171299815)
(234, 0.005336301168426871)
(235, 0.00536610116250813)
(236, 0.0053984010592103004)
(237, 0.005427301162853837)
(238, 0.00545950117520988)
(239, 0.005490901181474328)
(240, 0.005529201123863459)
(241, 0.005559101235121489)
(242, 0.005594701273366809)
(243, 0.0056242013815790415)
(244, 0.005654501495882869)
(245, 0.005683401599526405)
(246, 0.005712801590561867)
(247, 0.005757801467552781)
(248, 0.0057905016001313925)
(249, 0.00582780153490603)
(250, 0.006202901480719447)
(251, 0.006241801427677274)
(252, 0.0065726013854146)
(253, 0.0066034013871103525)
(254, 0.006637301295995712)
(255, 0.006674301344901323)
(256, 0.006714801536872983)
(257, 0.006851401645690203)
(258, 0.0072772016283124685)
(259, 0.007311901543289423)
(260, 0.007350501604378223)
(261, 0.007393301697447896)
(262, 0.007428301498293877)
(263, 0.0074617015197873116)
(264, 0.007501401472836733)
(265, 0.007645301287993789)
(266, 0.0076823013368994)
(267, 0.007712901337072253)
(268, 0.007755701430141926)
(269, 0.007806101348251104)
(270, 0.00788270146586001)
(271, 0.007915801601484418)
(272, 0.008075901539996266)
(273, 0.00827980157919228)
(274, 0.008307601558044553)
(275, 0.008339501451700926)
(276, 0.00837020156905055)
(277, 0.008399301441386342)
(278, 0.008428701432421803)
(279, 0.008460901444777846)
(280, 0.008496901486068964)
(281, 0.0085260015912354)
(282, 0.008556801592931151)
(283, 0.008722201455384493)
(284, 0.00875680148601532)
(285, 0.008794501423835754)
(286, 0.008832601364701986)
(287, 0.008861701237037778)
(288, 0.008893301244825125)
(289, 0.009056101320311427)
(290, 0.009159501176327467)
(291, 0.009325601160526276)
(292, 0.009373101172968745)
(293, 0.009405501186847687)
(294, 0.009550201240926981)
(295, 0.009599201148375869)
(296, 0.009631501277908683)
(297, 0.009663701290264726)
(298, 0.009699201211333275)
(299, 0.009731601225212216)
(300, 0.009775801096111536)
(301, 0.009815601166337729)
(302, 0.009847801178693771)
(303, 0.009883201215416193)
(304, 0.009921301156282425)
(305, 0.010090901050716639)
(306, 0.010125000961124897)
(307, 0.010161701124161482)
(308, 0.010197301162406802)
(309, 0.010320601053535938)
(310, 0.010357700986787677)
(311, 0.010394801152870059)
(312, 0.010430301073938608)
(313, 0.010458000935614109)
(314, 0.010583100840449333)
(315, 0.010705700842663646)
(316, 0.010734501061961055)
(317, 0.010781101183965802)
(318, 0.010810601292178035)
(319, 0.010928901378065348)
(320, 0.01096370117738843)
(321, 0.010994201060384512)
(322, 0.011048601241782308)
(323, 0.011084001045674086)
(324, 0.01112390123307705)
(325, 0.01115320110693574)
(326, 0.011470701079815626)
(327, 0.011514201061800122)
(328, 0.01155180111527443)
(329, 0.011588301043957472)
(330, 0.01161830103956163)
(331, 0.011719500878825784)
(332, 0.011774100828915834)
(333, 0.01181650091893971)
(334, 0.011851500952616334)
(335, 0.011892901035025716)
(336, 0.011947500985115767)
(337, 0.011983301024883986)
(338, 0.012017200933769345)
(339, 0.012047701049596071)
(340, 0.012090701144188643)
(341, 0.012130201328545809)
(342, 0.012158101424574852)
(343, 0.012187601532787085)
(344, 0.012355601647868752)
(345, 0.01240320154465735)
(346, 0.01243250141851604)
(347, 0.012460001511499286)
(348, 0.012496501440182328)
(349, 0.012532001361250877)
(350, 0.012574301334097981)
(351, 0.012604801217094064)
(352, 0.012635901104658842)
(353, 0.01266730111092329)
(354, 0.012708301190286875)
(355, 0.012737901182845235)
(356, 0.012777201132848859)
(357, 0.012808401137590408)
(358, 0.01284210104495287)
(359, 0.012890601065009832)
(360, 0.012927301228046417)
(361, 0.01295810122974217)
(362, 0.012977801263332367)
(363, 0.012999601429328322)
(364, 0.013022401370108128)
(365, 0.013054501498118043)
(366, 0.013083801604807377)
(367, 0.013113401597365737)
(368, 0.01314370147883892)
(369, 0.013181101530790329)
(370, 0.013214001432061195)
(371, 0.013242901302874088)
(372, 0.013301001396030188)
(373, 0.013323601335287094)
(374, 0.013347301399335265)
(375, 0.013665301259607077)
(376, 0.013798901112750173)
(377, 0.013844301225617528)
(378, 0.013893801253288984)
(379, 0.013929601293057203)
(380, 0.013957901392132044)
(381, 0.014098801417276263)
(382, 0.014130301540717483)
(383, 0.014160901540890336)
(384, 0.01419290155172348)
(385, 0.014401801396161318)
(386, 0.014428101480007172)
(387, 0.014462701510637999)
(388, 0.014494401402771473)
(389, 0.01452410127967596)
(390, 0.014706401154398918)
(391, 0.014737501041963696)
(392, 0.014769901055842638)
(393, 0.0149750008713454)
(394, 0.015010700793936849)
(395, 0.015050800982862711)
(396, 0.015090101165696979)
(397, 0.015132401138544083)
(398, 0.015161501243710518)
(399, 0.015195701271295547)
(400, 0.015225401381030679)
(401, 0.015254701254889369)
(402, 0.015293901320546865)
(403, 0.015322401421144605)
(404, 0.015352701302617788)
(405, 0.015401701210066676)
(406, 0.015431301202625036)
(407, 0.015559901250526309)
(408, 0.015588901238515973)
(409, 0.015618001343682408)
(410, 0.015640201279893517)
(411, 0.015660301316529512)
(412, 0.01568010146729648)
(413, 0.015700001502409577)
(414, 0.015729901613667607)
(415, 0.015750701539218426)
(416, 0.01580230169929564)
(417, 0.01596210151910782)
(418, 0.016002301359549165)
(419, 0.01604470144957304)
(420, 0.016086601419374347)
(421, 0.016129301395267248)
(422, 0.016281001502647996)
(423, 0.016320901457220316)
(424, 0.016440601320937276)
(425, 0.016478701261803508)
(426, 0.016509901266545057)
(427, 0.016546601196751)
(428, 0.01658000098541379)
(429, 0.016610701102763414)
(430, 0.01664710114710033)
(431, 0.016763001214712858)
(432, 0.01680390117689967)
(433, 0.016834101174026728)
(434, 0.01695260126143694)
(435, 0.016993601340800524)
(436, 0.01702380133792758)
(437, 0.017052201321348548)
(438, 0.017091201385483146)
(439, 0.01712730131112039)
(440, 0.017164901131764054)
(441, 0.017199001275002956)
(442, 0.017218401189893484)
(443, 0.017283201217651367)
(444, 0.017321901163086295)
(445, 0.017342400969937444)
(446, 0.017373100854456425)
(447, 0.01743120071478188)
(448, 0.017500500660389662)
(449, 0.017519800690934062)
(450, 0.017557300627231598)
(451, 0.017598100705072284)
(452, 0.01762070064432919)
(453, 0.017643100814893842)
(454, 0.017672700807452202)
(455, 0.017706300830468535)
(456, 0.017736600944772363)
(457, 0.017767400946468115)
(458, 0.017802000977098942)
(459, 0.017836801009252667)
(460, 0.01787380105815828)
(461, 0.017914400901645422)
(462, 0.017954300856217742)
(463, 0.017983500845730305)
(464, 0.018012200947850943)
(465, 0.018047100864350796)
(466, 0.018078700872138143)
(467, 0.018109200755134225)
(468, 0.01814970071427524)
(469, 0.018180200830101967)
(470, 0.01821860088966787)
(471, 0.01825430104508996)
(472, 0.01829450111836195)
(473, 0.01847960101440549)
(474, 0.01851110113784671)
(475, 0.018512001261115074)
(476, 0.018512901151552796)
(477, 0.01851370115764439)
(478, 0.01855350099503994)
(479, 0.018592300824820995)
(480, 0.01861220085993409)
(481, 0.01864180085249245)
(482, 0.018671400845050812)
(483, 0.018705100752413273)
(484, 0.0187352008651942)
(485, 0.01877390081062913)
(486, 0.018794100731611252)
(487, 0.01882870076224208)
(488, 0.01886520069092512)
(489, 0.018885400844737887)
(490, 0.018914200831204653)
(491, 0.018935500644147396)
(492, 0.018966200528666377)
(493, 0.01900710049085319)
(494, 0.01906660059466958)
(495, 0.019097400596365333)
(496, 0.01913610054180026)
(497, 0.019169500563293695)
(498, 0.019200500566512346)
(499, 0.019230400677770376)
(500, 0.019262700574472547)
(501, 0.01929360069334507)
(502, 0.01941210078075528)
(503, 0.01944340066984296)
(504, 0.01956510078161955)
(505, 0.019596500787883997)
(506, 0.019626300781965256)
(507, 0.019656400894746184)
(508, 0.019694901071488857)
(509, 0.019731601234525442)
(510, 0.019882401218637824)
(511, 0.019914801232516766)
(512, 0.01994250132702291)
(513, 0.019962201360613108)
(514, 0.01998550142161548)
(515, 0.020146701484918594)
(516, 0.0201845015399158)
(517, 0.0202079014852643)
(518, 0.020246701547876)
(519, 0.02026790170930326)
(520, 0.020289201522246003)
(521, 0.02031910140067339)
(522, 0.020350701408460736)
(523, 0.020383101422339678)
(524, 0.020414401544258)
(525, 0.02044730167835951)
(526, 0.02047720178961754)
(527, 0.02050970192067325)
(528, 0.0205409019254148)
(529, 0.020657102111727)
(530, 0.020688902121037245)
(531, 0.02072260226123035)
(532, 0.020824302220717072)
(533, 0.020856902236118913)
(534, 0.020897102309390903)
(535, 0.020929402206093073)
(536, 0.020960702328011394)
(537, 0.020998602267354727)
(538, 0.021028302144259214)
(539, 0.021068102214485407)
(540, 0.021098302211612463)
(541, 0.02112960210070014)
(542, 0.02116500213742256)
(543, 0.021201502066105604)
(544, 0.021230401936918497)
(545, 0.021264601731672883)
(546, 0.021309001836925745)
(547, 0.021358401980251074)
(548, 0.02141030179336667)
(549, 0.021449001971632242)
(550, 0.021472702035680413)
(551, 0.02163760201074183)
(552, 0.021657801931723952)
(553, 0.021678001852706075)
(554, 0.02170090191066265)
(555, 0.021722301840782166)
(556, 0.021744201658293605)
(557, 0.02176460181362927)
(558, 0.021793801803141832)
(559, 0.02184410160407424)
(560, 0.02188690146431327)
(561, 0.021922601386904716)
(562, 0.021982401376590133)
(563, 0.02201110147871077)
(564, 0.022153101628646255)
(565, 0.02218330162577331)
(566, 0.02221430162899196)
(567, 0.022252901457250118)
(568, 0.022284201346337795)
(569, 0.022422401467338204)
(570, 0.022452201461419463)
(571, 0.02249550144188106)
(572, 0.02252690144814551)
(573, 0.022564601385965943)
(574, 0.022595301270484924)
(575, 0.022625401383265853)
(576, 0.022655001375824213)
(577, 0.022684601368382573)
(578, 0.023201301461085677)
(579, 0.023229901446029544)
(580, 0.02326450147666037)
(581, 0.023295201361179352)
(582, 0.023326301481574774)
(583, 0.02336080139502883)
(584, 0.023395501310005784)
(585, 0.02344350120984018)
(586, 0.023469601292163134)
(587, 0.023879301268607378)
(588, 0.023924401262775064)
(589, 0.02394430129788816)
(590, 0.02396770124323666)
(591, 0.02399610122665763)
(592, 0.024064601166173816)
(593, 0.02414200105704367)
(594, 0.024182901019230485)
(595, 0.024227101122960448)
(596, 0.024263201048597693)
(597, 0.024404901079833508)
(598, 0.02442700113169849)
(599, 0.02445520111359656)
(600, 0.024502701126039028)
(601, 0.024694501189514995)
(602, 0.02472910122014582)
(603, 0.024867701111361384)
(604, 0.02489780099131167)
(605, 0.024928101105615497)
(606, 0.02495890110731125)
(607, 0.02500270097516477)
(608, 0.025032100966200233)
(609, 0.025064201094210148)
(610, 0.02538950089365244)
(611, 0.0255008009262383)
(612, 0.025536300847306848)
(613, 0.025596301071345806)
(614, 0.025651201140135527)
(615, 0.025683901039883494)
(616, 0.02568470104597509)
(617, 0.02568610105663538)
(618, 0.02568750106729567)
(619, 0.02568910107947886)
(620, 0.025690301088616252)
(621, 0.025693101109936833)
(622, 0.025694301119074225)
(623, 0.025731301167979836)
(624, 0.025765701197087765)
(625, 0.025787501130253077)
(626, 0.025823201285675168)
(627, 0.02585970121435821)
(628, 0.02588660130277276)
(629, 0.025906801223754883)
(630, 0.025927201379090548)
(631, 0.025958501501008868)
(632, 0.02598770149052143)
(633, 0.026009701658040285)
(634, 0.026030101580545306)
(635, 0.026064201490953565)
(636, 0.02608420141041279)
(637, 0.026105201337486506)
(638, 0.026125801261514425)
(639, 0.02614590129815042)
(640, 0.02616700134240091)
(641, 0.02619050140492618)
(642, 0.02638200158253312)
(643, 0.026427101576700807)
(644, 0.026457101572304964)
(645, 0.026635201647877693)
(646, 0.026664701756089926)
(647, 0.026701801689341664)
(648, 0.02673220168799162)
(649, 0.026766601717099547)
(650, 0.026889101834967732)
(651, 0.026929801795631647)
(652, 0.027683001710101962)
(653, 0.02771630184724927)
(654, 0.027767801890149713)
(655, 0.02810730179771781)
(656, 0.0283343018963933)
(657, 0.028479601722210646)
(658, 0.028517201775684953)
(659, 0.028691801941022277)
(660, 0.028731601778417826)
(661, 0.028773401863873005)
(662, 0.028803101973608136)
(663, 0.028838201891630888)
(664, 0.02889100182801485)
(665, 0.02891510189510882)
(666, 0.02895830199122429)
(667, 0.029069401789456606)
(668, 0.02910440182313323)
(669, 0.02913370169699192)
(670, 0.02942570182494819)
(671, 0.029426601715385914)
(672, 0.029427401488646865)
(673, 0.029428401496261358)
(674, 0.029429001500830054)
(675, 0.02942940150387585)
(676, 0.02942980150692165)
(677, 0.029430201509967446)
(678, 0.029430701630190015)
(679, 0.02943120151758194)
(680, 0.029431701637804508)
(681, 0.029432301642373204)
(682, 0.0294331016484648)
(683, 0.02943400153890252)
(684, 0.029434601543471217)
(685, 0.029436301672831178)
(686, 0.0294372015632689)
(687, 0.029437901685014367)
(688, 0.029468001797795296)
(689, 0.02950250171124935)
(690, 0.02954070153646171)
(691, 0.029570901533588767)
(692, 0.029604201670736074)
(693, 0.02963300165720284)
(694, 0.02987930178642273)
(695, 0.02991330181248486)
(696, 0.029963401844725013)
(697, 0.030002701794728637)
(698, 0.030044301878660917)
(699, 0.03008650173433125)
(700, 0.030154001666232944)
(701, 0.030196201521903276)
(702, 0.03026420157402754)
(703, 0.030297201592475176)
(704, 0.030332301510497928)
(705, 0.030373401707038283)
(706, 0.03042880166321993)
(707, 0.03046590182930231)
(708, 0.030502901878207922)
(709, 0.030543601838871837)
(710, 0.030573501717299223)
(711, 0.030621101846918464)
(712, 0.0306502019520849)
(713, 0.03068120195530355)
(714, 0.030714902095496655)
(715, 0.03074540221132338)
(716, 0.03078820207156241)
(717, 0.030789202079176903)
(718, 0.030790402088314295)
(719, 0.030791802098974586)
(720, 0.03079280210658908)
(721, 0.030793702229857445)
(722, 0.030794402351602912)
(723, 0.030835302313789725)
(724, 0.03087050234898925)
(725, 0.030900402460247278)
(726, 0.03093000245280564)
(727, 0.030967102386057377)
(728, 0.030996202491223812)
(729, 0.030997202498838305)
(730, 0.030998102389276028)
(731, 0.031029802514240146)
(732, 0.031330702593550086)
(733, 0.031370302429422736)
(734, 0.0314141025301069)
(735, 0.03144110250286758)
(736, 0.03146160254254937)
(737, 0.031597302528098226)
(738, 0.03163650259375572)
(739, 0.031665702583268285)
(740, 0.03166640247218311)
(741, 0.03166790236718953)
(742, 0.03166870237328112)
(743, 0.031669502379372716)
(744, 0.03167050238698721)
(745, 0.031671002274379134)
(746, 0.03171190223656595)
(747, 0.031742002349346876)
(748, 0.03177030244842172)
(749, 0.031801402335986495)
(750, 0.031832902459427714)
(751, 0.03197910264134407)
(752, 0.03201630269177258)
(753, 0.03229520283639431)
(754, 0.03232820285484195)
(755, 0.03235720284283161)
(756, 0.03240050282329321)
(757, 0.032434802735224366)
(758, 0.032473302679136395)
(759, 0.032507502706721425)
(760, 0.032537002582103014)
(761, 0.032537902472540736)
(762, 0.03253870247863233)
(763, 0.03253960236907005)
(764, 0.032540802378207445)
(765, 0.032541302498430014)
(766, 0.032542202388867736)
(767, 0.0325431025121361)
(768, 0.032584102591499686)
(769, 0.03260420262813568)
(770, 0.032636202638968825)
(771, 0.03266940265893936)
(772, 0.032701602671295404)
(773, 0.03277060273103416)
(774, 0.03280810290016234)
(775, 0.032849702751263976)
(776, 0.03287000278942287)
(777, 0.03289920277893543)
(778, 0.03292640275321901)
(779, 0.03297040285542607)
(780, 0.03300060285255313)
(781, 0.033031102968379855)
(782, 0.03324210294522345)
(783, 0.03327400307171047)
(784, 0.03330120304599404)
(785, 0.033330502919852734)
(786, 0.03341610310599208)
(787, 0.03344890312291682)
(788, 0.033478903118520975)
(789, 0.03363930317573249)
(790, 0.034028503112494946)
(791, 0.03419020329602063)
(792, 0.034274903358891606)
(793, 0.03431560331955552)
(794, 0.03435090323910117)
(795, 0.034381303237751126)
(796, 0.03438230324536562)
(797, 0.03438320313580334)
(798, 0.034384303260594606)
(799, 0.03438540338538587)
(800, 0.034386403393000364)
(801, 0.03438820340670645)
(802, 0.034389103297144175)
(803, 0.0343900031875819)
(804, 0.03439220320433378)
(805, 0.034393203211948276)
(806, 0.0343937030993402)
(807, 0.03439580323174596)
(808, 0.03439670312218368)
(809, 0.03439720324240625)
(810, 0.034397803246974945)
(811, 0.03439850336872041)
(812, 0.03439900348894298)
(813, 0.0343999033793807)
(814, 0.034400603268295527)
(815, 0.03440140327438712)
(816, 0.03440230316482484)
(817, 0.03459560312330723)
(818, 0.034627003129571676)
(819, 0.03465560311451554)
(820, 0.03468680311925709)
(821, 0.034716203110292554)
(822, 0.034745703218504786)
(823, 0.03494540322571993)
(824, 0.03497210331261158)
(825, 0.03500170330516994)
(826, 0.035144603345543146)
(827, 0.03514550346881151)
(828, 0.03514630347490311)
(829, 0.035146703477948904)
(830, 0.03514760360121727)
(831, 0.03517450368963182)
(832, 0.03520980360917747)
(833, 0.035393103724345565)
(834, 0.03542460361495614)
(835, 0.035481503466144204)
(836, 0.0355168036185205)
(837, 0.035723303677514195)
(838, 0.03576300363056362)
(839, 0.03642590367235243)
(840, 0.03645440377295017)
(841, 0.03673950373195112)
(842, 0.03677030373364687)
(843, 0.0368897037114948)
(844, 0.036920803831890225)
(845, 0.036956403870135546)
(846, 0.03699150402098894)
(847, 0.03701230394653976)
(848, 0.037044103955850005)
(849, 0.037168503971770406)
(850, 0.03719890397042036)
(851, 0.03722920408472419)
(852, 0.03725820407271385)
(853, 0.03729250398464501)
(854, 0.037322804098948836)
(855, 0.03735410398803651)
(856, 0.037393503822386265)
(857, 0.0374267038423568)
(858, 0.03746260376647115)
(859, 0.0374848039355129)
(860, 0.03751480393111706)
(861, 0.03753700386732817)
(862, 0.037570304004475474)
(863, 0.03767340420745313)
(864, 0.037693904247134924)
(865, 0.03773320419713855)
(866, 0.03778560413047671)
(867, 0.037838704185560346)
(868, 0.037877104012295604)
(869, 0.037910904036834836)
(870, 0.03795790416188538)
(871, 0.037989804055541754)
(872, 0.0380210040602833)
(873, 0.03806300414726138)
(874, 0.038210404105484486)
(875, 0.03824780392460525)
(876, 0.038278003921732306)
(877, 0.03830840392038226)
(878, 0.038338903803378344)
(879, 0.038370003923773766)
(880, 0.03840000391937792)
(881, 0.03844930394552648)
(882, 0.038683903869241476)
(883, 0.03872800385579467)
(884, 0.038758203852921724)
(885, 0.038778903894126415)
(886, 0.0388086037710309)
(887, 0.038828003918752074)
(888, 0.0389055039267987)
(889, 0.038925904082134366)
(890, 0.03894900414161384)
(891, 0.038971503963693976)
(892, 0.03899430390447378)
(893, 0.03903560386970639)
(894, 0.0390584038104862)
(895, 0.03909750375896692)
(896, 0.039136203937232494)
(897, 0.039175603771582246)
(898, 0.0393780036829412)
(899, 0.03940950380638242)
(900, 0.03943690378218889)
(901, 0.03945730370469391)
(902, 0.03948900382965803)
(903, 0.03951810393482447)
(904, 0.039548404049128294)
(905, 0.039695104118436575)
(906, 0.03997330414131284)
(907, 0.040003504138439894)
(908, 0.04003330413252115)
(909, 0.04006370413117111)
(910, 0.04009330412372947)
(911, 0.04012420400977135)
(912, 0.04015410412102938)
(913, 0.040187404258176684)
(914, 0.040216004475951195)
(915, 0.04034870443865657)
(916, 0.04037950444035232)
(917, 0.04039870458655059)
(918, 0.040418004617094994)
(919, 0.04045920469798148)
(920, 0.04052140470594168)
(921, 0.04055690485984087)
(922, 0.040725104976445436)
(923, 0.04076730506494641)
(924, 0.04080040520057082)
(925, 0.04116520541720092)
(926, 0.041203605476766825)
(927, 0.04122780542820692)
(928, 0.041292205452919006)
(929, 0.04132270556874573)
(930, 0.04136040550656617)
(931, 0.04185900557786226)
(932, 0.041886605555191636)
(933, 0.04191730567254126)
(934, 0.042089705588296056)
(935, 0.04212140548042953)
(936, 0.04215270560234785)
(937, 0.042183305602520704)
(938, 0.04221370560117066)
(939, 0.0422613057307899)
(940, 0.04229130572639406)
(941, 0.04233520571142435)
(942, 0.04238800564780831)
(943, 0.042426105588674545)
(944, 0.0424563055858016)
(945, 0.04250540561042726)
(946, 0.042553405510261655)
(947, 0.04259560559876263)
(948, 0.04262750572524965)
(949, 0.04265330568887293)
(950, 0.04271010565571487)
(951, 0.042755105532705784)
(952, 0.042795305605977774)
(953, 0.04283160553313792)
(954, 0.04286850546486676)
(955, 0.042904505506157875)
(956, 0.04294920549727976)
(957, 0.04298940557055175)
(958, 0.04301550565287471)
(959, 0.04304490564391017)
(960, 0.04308450571261346)
(961, 0.043113705702126026)
(962, 0.043145405827090144)
(963, 0.043174805818125606)
(964, 0.04320690571330488)
(965, 0.043247005669400096)
(966, 0.04327750555239618)
(967, 0.043307505548000336)
(968, 0.04333810554817319)
(969, 0.04336920543573797)
(970, 0.0433884053491056)
(971, 0.043422505259513855)
(972, 0.04344140528701246)
(973, 0.04346120520494878)
(974, 0.04348050523549318)
(975, 0.0435210051946342)
(976, 0.04356570518575609)
(977, 0.04360380512662232)
(978, 0.04384980513714254)
(979, 0.043881105026230216)
(980, 0.04390120506286621)
(981, 0.04393830522894859)
(982, 0.043975105276331306)
(983, 0.043996105436235666)
(984, 0.04402410541661084)
(985, 0.04407990537583828)
(986, 0.0441001052968204)
(987, 0.04413020517677069)
(988, 0.044160205172374845)
(989, 0.044200205244123936)
(990, 0.04424310545437038)
(991, 0.044541205279529095)
(992, 0.04457230539992452)
(993, 0.04462540545500815)
(994, 0.044662905391305685)
(995, 0.04469210538081825)
(996, 0.04494600556790829)
(997, 0.04517110553570092)
(998, 0.045201205648481846)
(999, 0.0452314056456089)
(1000, 0.045272405724972486)
(1001, 0.0453603055793792)
(1002, 0.04539240547455847)
(1003, 0.04541930556297302)
(1004, 0.04544020537286997)
(1005, 0.04547140537761152)
(1006, 0.045587505446746945)
(1007, 0.04563190555199981)
(1008, 0.04565210570581257)
(1009, 0.045684305718168616)
(1010, 0.0459355057682842)
(1011, 0.04595590569078922)
(1012, 0.045976205728948116)
(1013, 0.04615810560062528)
(1014, 0.046178105752915144)
(1015, 0.04619920579716563)
(1016, 0.046225505881011486)
(1017, 0.04625660600140691)
(1018, 0.04646110604517162)
(1019, 0.04649080615490675)
(1020, 0.04652550630271435)
(1021, 0.0465559063013643)
(1022, 0.04658800642937422)
(1023, 0.04661920643411577)
(1024, 0.04664780665189028)
(1025, 0.04668050678446889)
(1026, 0.04669960681349039)
(1027, 0.046719706850126386)
(1028, 0.04673900664784014)
(1029, 0.046759106451645494)
(1030, 0.04679400636814535)
(1031, 0.046814906410872936)
(1032, 0.046855206368491054)
(1033, 0.04687520628795028)
(1034, 0.046913606114685535)
(1035, 0.04695170605555177)
(1036, 0.04697220609523356)
(1037, 0.046992106130346656)
(1038, 0.04702250612899661)
(1039, 0.047063406091183424)
(1040, 0.047091305954381824)
(1041, 0.047112005995586514)
(1042, 0.04711260600015521)
(1043, 0.047113706124946475)
(1044, 0.04711470613256097)
(1045, 0.04711560602299869)
(1046, 0.04711650591343641)
(1047, 0.0471183059271425)
(1048, 0.04711950593627989)
(1049, 0.047120505943894386)
(1050, 0.04712170595303178)
(1051, 0.04712280607782304)
(1052, 0.04712360608391464)
(1053, 0.04712450597435236)
(1054, 0.04712550598196685)
(1055, 0.047126905992627144)
(1056, 0.047128005884587765)
(1057, 0.04712870577350259)
(1058, 0.04712950577959418)
(1059, 0.04713000566698611)
(1060, 0.047130705788731575)
(1061, 0.04713160591199994)
(1062, 0.047132605919614434)
(1063, 0.047133505810052156)
(1064, 0.04713410581462085)
(1065, 0.04713500593788922)
(1066, 0.047135605942457914)
(1067, 0.04713610582984984)
(1068, 0.04713770584203303)
(1069, 0.04713820572942495)
(1070, 0.04713860573247075)
(1071, 0.047139105619862676)
(1072, 0.047140405513346195)
(1073, 0.04714130563661456)
(1074, 0.047142405761405826)
(1075, 0.04714350588619709)
(1076, 0.04714460577815771)
(1077, 0.047145705902948976)
(1078, 0.0471466057933867)
(1079, 0.04714760580100119)
(1080, 0.047148105688393116)
(1081, 0.04714880581013858)
(1082, 0.04714940581470728)
(1083, 0.04714980581775308)
(1084, 0.047150305705145)
(1085, 0.04715170571580529)
(1086, 0.04715310572646558)
(1087, 0.047154105734080076)
(1088, 0.04715470573864877)
(1089, 0.04715540586039424)
(1090, 0.04715590598061681)
(1091, 0.04715640586800873)
(1092, 0.04715690575540066)
(1093, 0.04715770576149225)
(1094, 0.047158605651929975)
(1095, 0.04715950577519834)
(1096, 0.04716040566563606)
(1097, 0.04716110578738153)
(1098, 0.04716200567781925)
(1099, 0.04716280568391085)
(1100, 0.04716360569000244)
(1101, 0.047164705814793706)
(1102, 0.04716600594110787)
(1103, 0.04716710583306849)
(1104, 0.04716800572350621)
(1105, 0.04716890584677458)
(1106, 0.0471702057402581)
(1107, 0.04717100574634969)
(1108, 0.047171905636787415)
(1109, 0.04717280552722514)
(1110, 0.04717360553331673)
(1111, 0.04717400553636253)
(1112, 0.04717490542680025)
(1113, 0.04717580531723797)
(1114, 0.047176905209198594)
(1115, 0.04717740532942116)
(1116, 0.04717790521681309)
(1117, 0.04717870522290468)
(1118, 0.04717930522747338)
(1119, 0.04717980534769595)
(1120, 0.04718030523508787)
(1121, 0.04718140512704849)
(1122, 0.047182405134662986)
(1123, 0.04718330502510071)
(1124, 0.0471841050311923)
(1125, 0.0471849050372839)
(1126, 0.04718590504489839)
(1127, 0.047186905052512884)
(1128, 0.04718760494142771)
(1129, 0.047188204945996404)
(1130, 0.047189004952088)
(1131, 0.047189604956656694)
(1132, 0.04719010484404862)
(1133, 0.04719050484709442)
(1134, 0.04719100473448634)
(1135, 0.04719240474514663)
(1136, 0.04719290463253856)
(1137, 0.04719600477255881)
(1138, 0.0471968047786504)
(1139, 0.04719730489887297)
(1140, 0.04719820502214134)
(1141, 0.04719910491257906)
(1142, 0.04720000480301678)
(1143, 0.047201004810631275)
(1144, 0.04720200481824577)
(1145, 0.04720320482738316)
(1146, 0.04720460483804345)
(1147, 0.047205104725435376)
(1148, 0.04720570473000407)
(1149, 0.047206704737618566)
(1150, 0.04720750474371016)
(1151, 0.04720880463719368)
(1152, 0.047209404641762376)
(1153, 0.0472099045291543)
(1154, 0.047210504533723)
(1155, 0.047211004653945565)
(1156, 0.04721170454286039)
(1157, 0.047212304547429085)
(1158, 0.04721280466765165)
(1159, 0.04721330455504358)
(1160, 0.04721410456113517)
(1161, 0.04721460468135774)
(1162, 0.04721510480158031)
(1163, 0.0472161048091948)
(1164, 0.04721930460073054)
(1165, 0.04722030460834503)
(1166, 0.04722140450030565)
(1167, 0.04722310439683497)
(1168, 0.047223904402926564)
(1169, 0.04722500452771783)
(1170, 0.04722610441967845)
(1171, 0.047227004542946815)
(1172, 0.04722790443338454)
(1173, 0.04722890444099903)
(1174, 0.047229904448613524)
(1175, 0.04723080433905125)
(1176, 0.04723190446384251)
(1177, 0.047232904471457005)
(1178, 0.04723400459624827)
(1179, 0.04723520460538566)
(1180, 0.04723610449582338)
(1181, 0.047237204387784004)
(1182, 0.0472378043923527)
(1183, 0.04723920440301299)
(1184, 0.047239904291927814)
(1185, 0.04724050429649651)
(1186, 0.0472419043071568)
(1187, 0.047242404194548726)
(1188, 0.04724330431781709)
(1189, 0.047244304325431585)
(1190, 0.04724550433456898)
(1191, 0.04724790435284376)
(1192, 0.04724850435741246)
(1193, 0.04724950436502695)
(1194, 0.047250504372641444)
(1195, 0.04725130437873304)
(1196, 0.04725180449895561)
(1197, 0.0472532045096159)
(1198, 0.0472569044213742)
(1199, 0.047257704427465796)
(1200, 0.04725880431942642)
(1201, 0.04725970420986414)
(1202, 0.04726090421900153)
(1203, 0.047261704225093126)
(1204, 0.047262404346838593)
(1205, 0.04726350447162986)
(1206, 0.04726450447924435)
(1207, 0.04726600437425077)
(1208, 0.04726700438186526)
(1209, 0.047267904272302985)
(1210, 0.04726870427839458)
(1211, 0.04726920439861715)
(1212, 0.04726970428600907)
(1213, 0.047270604176446795)
(1214, 0.04727190430276096)
(1215, 0.04727270430885255)
(1216, 0.04727310431189835)
(1217, 0.04727370431646705)
(1218, 0.047274204436689615)
(1219, 0.047274704556912184)
(1220, 0.04727570456452668)
(1221, 0.0472764044534415)
(1222, 0.04727750434540212)
(1223, 0.04727840446867049)
(1224, 0.04727930435910821)
(1225, 0.04728040425106883)
(1226, 0.04728210414759815)
(1227, 0.04728320427238941)
(1228, 0.047284404281526804)
(1229, 0.04728600406087935)
(1230, 0.04728700406849384)
(1231, 0.04728790419176221)
(1232, 0.04728880408219993)
(1233, 0.047289604088291526)
(1234, 0.04729010397568345)
(1235, 0.04729100409895182)
(1236, 0.047291404101997614)
(1237, 0.04729180410504341)
(1238, 0.047292503993958235)
(1239, 0.04729310399852693)
(1240, 0.04729350400157273)
(1241, 0.047293904004618526)
(1242, 0.04729450400918722)
(1243, 0.04729490401223302)
(1244, 0.047295604133978486)
(1245, 0.04729610402137041)
(1246, 0.04729680414311588)
(1247, 0.0472973040305078)
(1248, 0.0472979040350765)
(1249, 0.047299004159867764)
(1250, 0.04729950404725969)
(1251, 0.047300104051828384)
(1252, 0.04730110405944288)
