(1, 1.800013706088066e-06)
(2, 1.950073055922985e-06)
(3, 2.1000547955433526e-06)
(4, 1.9000144675374031e-06)
(5, 1.859990879893303e-06)
(6, 1.8333472932378452e-06)
(7, 1.785744513784136e-06)
(8, 1.7125275917351246e-06)
(9, 1.6889276189936531e-06)
(10, 1.6400357708334922e-06)
(11, 1.7273070460016078e-06)
(12, 1.7166991407672565e-06)
(13, 1.7307913647248195e-06)
(14, 1.7500216407435282e-06)
(15, 1.740021010239919e-06)
(16, 1.6937701730057597e-06)
(17, 1.6764902016695807e-06)
(18, 1.6833526185817188e-06)
(19, 1.6789662798768596e-06)
(20, 1.6650184988975524e-06)
(21, 1.7142987677029202e-06)
(22, 1.6863817687739025e-06)
(23, 1.678283771742945e-06)
(24, 1.670850906521082e-06)
(25, 1.664021983742714e-06)
(26, 1.6500170414264385e-06)
(27, 1.6407575458288193e-06)
(28, 1.6357267408498695e-06)
(29, 1.6655259091278603e-06)
(30, 1.650008683403333e-06)
(31, 1.6516179687553837e-06)
(32, 1.6500052879564464e-06)
(33, 1.6575777959642988e-06)
(34, 1.7088262692970387e-06)
(35, 1.7114316246339254e-06)
(36, 1.708336640149355e-06)
(37, 1.697297635916117e-06)
(38, 1.6973721549699182e-06)
(39, 1.6897475012601951e-06)
(40, 1.680001150816679e-06)
(41, 1.6682940285380293e-06)
(42, 1.6809540933796337e-06)
(43, 1.6720976333978565e-06)
(44, 1.6704593277113005e-06)
(45, 1.6666690094603433e-06)
(46, 1.658700689997362e-06)
(47, 1.6595771972169268e-06)
(48, 1.6520886371533077e-06)
(49, 1.642862524913282e-06)
(50, 1.6380054876208306e-06)
(51, 1.6313758404815899e-06)
(52, 1.6250011797707814e-06)
(53, 1.6188714653253555e-06)
(54, 1.6092650454353403e-06)
(55, 1.6072807325558228e-06)
(56, 1.601791674537318e-06)
(57, 1.5964992997939127e-06)
(58, 1.5913894207313143e-06)
(59, 1.586452757908126e-06)
(60, 1.5766786721845469e-06)
(61, 1.5688624965851425e-06)
(62, 1.5629132488562214e-06)
(63, 1.557152866134568e-06)
(64, 1.5609439287800342e-06)
(65, 1.612312805194121e-06)
(66, 1.6060657799243927e-06)
(67, 1.6014995192413899e-06)
(68, 1.5941263614770243e-06)
(69, 1.586963544073312e-06)
(70, 1.5828658693603108e-06)
(71, 1.5831040874333448e-06)
(72, 1.5791738405823708e-06)
(73, 1.5767195504413891e-06)
(74, 1.5824397623136236e-06)
(75, 1.5760088960329692e-06)
(76, 1.571058467226593e-06)
(77, 1.5649424454608522e-06)
(78, 1.5602638133061239e-06)
(79, 1.555700680311722e-06)
(80, 1.5537545550614595e-06)
(81, 1.5642022553049488e-06)
(82, 1.559760875818206e-06)
(83, 1.555426517523915e-06)
(84, 1.5535763287473293e-06)
(85, 1.550591824685826e-06)
(86, 1.5511664800172628e-06)
(87, 1.5632222652777858e-06)
(88, 1.5602325385605746e-06)
(89, 1.5584322927373178e-06)
(90, 1.5566720523768002e-06)
(91, 1.5659395932823748e-06)
(92, 1.5597881587303204e-06)
(93, 1.5591466498951757e-06)
(94, 1.576602795815214e-06)
(95, 1.5726386520423387e-06)
(96, 1.5656308581431706e-06)
(97, 1.5628912975800405e-06)
(98, 1.5602100222390524e-06)
(99, 1.5555626966736533e-06)
(100, 1.554007176309824e-06)
(101, 1.5633747829954223e-06)
(102, 1.5588308337564563e-06)
(103, 1.5514636032500313e-06)
(104, 1.5451984766584176e-06)
(105, 1.5390549032461075e-06)
(106, 1.5330250497977688e-06)
(107, 1.5261744053285813e-06)
(108, 1.5213024905986256e-06)
(109, 1.5146850924426262e-06)
(110, 1.5109163624319164e-06)
(111, 2.02883588703903e-06)
(112, 6.585720776846367e-06)
(113, 6.8203616162053255e-06)
(114, 7.277199377616246e-06)
(115, 7.757396720673726e-06)
(116, 7.942246658534839e-06)
(117, 8.131628139660908e-06)
(118, 8.386445342231605e-06)
(119, 8.564710444888147e-06)
(120, 8.501671254634858e-06)
(121, 8.439674034468399e-06)
(122, 8.37705380542845e-06)
(123, 8.314639723640147e-06)
(124, 8.254037839510748e-06)
(125, 8.193604648113251e-06)
(126, 8.134923446627836e-06)
(127, 8.07795651609034e-06)
(128, 8.023440386750735e-06)
(129, 7.967444772059603e-06)
(130, 7.913078969487777e-06)
(131, 7.858780703244319e-06)
(132, 7.8075787645172e-06)
(133, 7.754890248179436e-06)
(134, 8.702987054390693e-06)
(135, 8.870371513896518e-06)
(136, 9.044119745821637e-06)
(137, 9.210221129503563e-06)
(138, 9.365219528368417e-06)
(139, 9.512232294935974e-06)
(140, 1.0377860495022365e-05)
(141, 1.0567378741523899e-05)
(142, 1.0764791997490635e-05)
(143, 1.0893711090817318e-05)
(144, 1.1104170375296639e-05)
(145, 1.103517535174715e-05)
(146, 1.096507145270501e-05)
(147, 1.0895241862859855e-05)
(148, 1.08256794487101e-05)
(149, 1.0758393050340197e-05)
(150, 1.0694004595279694e-05)
(151, 1.0629805939777798e-05)
(152, 1.0567767802919997e-05)
(153, 1.0502619023611344e-05)
(154, 1.0437017621158005e-05)
(155, 1.0376778100767442e-05)
(156, 1.0314106475561857e-05)
(157, 1.0253507110058882e-05)
(158, 1.0191143160285075e-05)
(159, 1.0132079405136079e-05)
(160, 1.0075629688799381e-05)
(161, 1.0365842963042466e-05)
(162, 1.0492597752607163e-05)
(163, 1.1688962498782602e-05)
(164, 1.1845736014770299e-05)
(165, 1.1951518668369814e-05)
(166, 1.3087956088942936e-05)
(167, 1.3291022968952527e-05)
(168, 1.3386315133954798e-05)
(169, 1.3491721581337015e-05)
(170, 1.3578828314647955e-05)
(171, 1.3675442651698464e-05)
(172, 1.4930818673916334e-05)
(173, 1.4850871120660292e-05)
(174, 1.4771268456831746e-05)
(175, 1.4692575537732669e-05)
(176, 1.4615344381044535e-05)
(177, 1.4537291622347078e-05)
(178, 1.4460115860938357e-05)
(179, 1.4382683770866368e-05)
(180, 1.4418335114088324e-05)
(181, 1.4523758156770501e-05)
(182, 1.4553296860757765e-05)
(183, 1.459125724565136e-05)
(184, 1.4636956620961428e-05)
(185, 1.4746487392364321e-05)
(186, 1.4909141276392244e-05)
(187, 1.4997861861067022e-05)
(188, 1.5105320229888596e-05)
(189, 1.585873080387948e-05)
(190, 1.597526409712277e-05)
(191, 1.6083247247712774e-05)
(192, 1.6204689018195495e-05)
(193, 1.6330053711338983e-05)
(194, 1.6351033616619013e-05)
(195, 1.64041056846961e-05)
(196, 1.7685207481286964e-05)
(197, 1.7701525260046655e-05)
(198, 1.771414342025916e-05)
(199, 1.7827138042629665e-05)
(200, 1.7896501813083887e-05)
(201, 1.7966171587581065e-05)
(202, 1.8093072219133967e-05)
(203, 1.8236455576393406e-05)
(204, 1.8700492778318185e-05)
(205, 1.8756100680769943e-05)
(206, 1.883835224344314e-05)
(207, 1.8900968944248945e-05)
(208, 2.010336790520411e-05)
(209, 2.016316047695835e-05)
(210, 2.111095513793684e-05)
(211, 2.11507141572463e-05)
(212, 2.1189154688058034e-05)
(213, 2.1238031932655636e-05)
(214, 2.133598438002796e-05)
(215, 2.1441864542836365e-05)
(216, 2.151759690605104e-05)
(217, 2.179355339108524e-05)
(218, 2.1830280183242e-05)
(219, 2.1923293006610653e-05)
(220, 2.1992277734997597e-05)
(221, 2.2033941658104167e-05)
(222, 2.206577122345701e-05)
(223, 2.210987042719206e-05)
(224, 2.2163398430815766e-05)
(225, 2.2243116464879777e-05)
(226, 2.2339386313296525e-05)
(227, 2.237445457391277e-05)
(228, 2.241228592761776e-05)
(229, 2.253886950751319e-05)
(230, 2.2653483218796877e-05)
(231, 2.2644594360094567e-05)
(232, 2.268491943109909e-05)
(233, 2.2772966400428392e-05)
(234, 2.2804705847978083e-05)
(235, 2.283447303194949e-05)
(236, 2.287458075936568e-05)
(237, 2.2900004906556275e-05)
(238, 2.293908056810874e-05)
(239, 2.2974481930854928e-05)
(240, 2.3038338016097746e-05)
(241, 2.3066810104238542e-05)
(242, 2.3118600303168632e-05)
(243, 2.314486165258865e-05)
(244, 2.3174186458536347e-05)
(245, 2.319755754908737e-05)
(246, 2.322277069334092e-05)
(247, 2.3310937115598305e-05)
(248, 2.3348796774723355e-05)
(249, 2.3404825441389677e-05)
(250, 2.4811605922877787e-05)
(251, 2.4867734771622606e-05)
(252, 2.6081751529423016e-05)
(253, 2.610040073956661e-05)
(254, 2.613110746455005e-05)
(255, 2.6173730764318915e-05)
(256, 2.622969350341009e-05)
(257, 2.665915037233542e-05)
(258, 2.8206207861676236e-05)
(259, 2.823128008992055e-05)
(260, 2.8271160016839322e-05)
(261, 2.8326826427003433e-05)
(262, 2.8352295795014796e-05)
(263, 2.837148866839282e-05)
(264, 2.841439951832096e-05)
(265, 2.8850193539599203e-05)
(266, 2.8880832093606767e-05)
(267, 2.8887270925364245e-05)
(268, 2.893918444082808e-05)
(269, 2.901896411989258e-05)
(270, 2.919519061429633e-05)
(271, 2.9209600005477558e-05)
(272, 2.969081448528039e-05)
(273, 3.032894351352484e-05)
(274, 3.0319713715491068e-05)
(275, 3.0325459824367004e-05)
(276, 3.032681727916866e-05)
(277, 3.0322387875040946e-05)
(278, 3.0319069900797853e-05)
(279, 3.0325811630028124e-05)
(280, 3.0346076735960587e-05)
(281, 3.0341642673435584e-05)
(282, 3.0343268060039542e-05)
(283, 3.082049984234803e-05)
(284, 3.0833808049349716e-05)
(285, 3.0857899732757034e-05)
(286, 3.088322155490205e-05)
(287, 3.087700779455672e-05)
(288, 3.087951821119835e-05)
(289, 3.13359907277212e-05)
(290, 3.15844868149223e-05)
(291, 3.2046739383251806e-05)
(292, 3.2099661551262825e-05)
(293, 3.2100686644531355e-05)
(294, 3.248367769022783e-05)
(295, 3.253966490974871e-05)
(296, 3.2538855668610415e-05)
(297, 3.2537714782036115e-05)
(298, 3.254765507158817e-05)
(299, 3.254716128833517e-05)
(300, 3.258600365370512e-05)
(301, 3.260997065228481e-05)
(302, 3.260861317448269e-05)
(303, 3.261782579345278e-05)
(304, 3.26358590667185e-05)
(305, 3.308492147775947e-05)
(306, 3.308823843504868e-05)
(307, 3.310000366176378e-05)
(308, 3.310812065716494e-05)
(309, 3.340000340950142e-05)
(310, 3.341193866705702e-05)
(311, 3.3423797919196334e-05)
(312, 3.343045216005964e-05)
(313, 3.341214356426233e-05)
(314, 3.370414280397877e-05)
(315, 3.3986351881471894e-05)
(316, 3.396994006949701e-05)
(317, 3.4009782914718617e-05)
(318, 3.399560154772967e-05)
(319, 3.425987892810454e-05)
(320, 3.426156617933884e-05)
(321, 3.424984754013867e-05)
(322, 3.431242621671524e-05)
(323, 3.431579271106528e-05)
(324, 3.433302849715139e-05)
(325, 3.4317541867494583e-05)
(326, 3.5186199631336274e-05)
(327, 3.521162404220221e-05)
(328, 3.5218905839251306e-05)
(329, 3.52227995257066e-05)
(330, 3.520697284715645e-05)
(331, 3.540634706593892e-05)
(332, 3.546415912324047e-05)
(333, 3.548498774456369e-05)
(334, 3.548353578627645e-05)
(335, 3.550119711947975e-05)
(336, 3.555803864617788e-05)
(337, 3.555875675039758e-05)
(338, 3.555384891647735e-05)
(339, 3.553894114925095e-05)
(340, 3.556088571820189e-05)
(341, 3.5572437913624075e-05)
(342, 3.5550004165423543e-05)
(343, 3.5532365984802e-05)
(344, 3.5917446650781256e-05)
(345, 3.595130882509377e-05)
(346, 3.593208502461283e-05)
(347, 3.590778533573281e-05)
(348, 3.5909486897075654e-05)
(349, 3.59083133560197e-05)
(350, 3.5926575240279944e-05)
(351, 3.5911114578615566e-05)
(352, 3.5897446320053526e-05)
(353, 3.5884705696666546e-05)
(354, 3.589915590476518e-05)
(355, 3.588141178266263e-05)
(356, 3.589101441811477e-05)
(357, 3.587787433498714e-05)
(358, 3.587179062835997e-05)
(359, 3.590696675490204e-05)
(360, 3.590917007790671e-05)
(361, 3.5895017256903515e-05)
(362, 3.5850279732962336e-05)
(363, 3.581157418547747e-05)
(364, 3.57758279398575e-05)
(365, 3.576575752909053e-05)
(366, 3.57480918164136e-05)
(367, 3.573133950235896e-05)
(368, 3.5716580105540544e-05)
(369, 3.572114235986539e-05)
(370, 3.5713517383949175e-05)
(371, 3.569515175976843e-05)
(372, 3.575538009685534e-05)
(373, 3.572011081846406e-05)
(374, 3.5687971655976645e-05)
(375, 3.644080335895221e-05)
(376, 3.6699205087101526e-05)
(377, 3.672228441808363e-05)
(378, 3.675608797166398e-05)
(379, 3.6753565417037475e-05)
(380, 3.673131945297906e-05)
(381, 3.700472812933402e-05)
(382, 3.699031816941749e-05)
(383, 3.697363326603221e-05)
(384, 3.6960681124279894e-05)
(385, 3.7407276353665764e-05)
(386, 3.73785012435419e-05)
(387, 3.737132173291472e-05)
(388, 3.735670464631823e-05)
(389, 3.733702128451404e-05)
(390, 3.7708720908715176e-05)
(391, 3.7691818521646284e-05)
(392, 3.767831902000673e-05)
(393, 3.810432791690942e-05)
(394, 3.809822536532195e-05)
(395, 3.810329362750053e-05)
(396, 3.810631607499237e-05)
(397, 3.811687944217653e-05)
(398, 3.809422423042844e-05)
(399, 3.808446433908659e-05)
(400, 3.80635034525767e-05)
(401, 3.8041649014686703e-05)
(402, 3.804453064812653e-05)
(403, 3.802084719886999e-05)
(404, 3.8001735897568784e-05)
(405, 3.8028891876707845e-05)
(406, 3.800813104094836e-05)
(407, 3.823071560325874e-05)
(408, 3.820809127087248e-05)
(409, 3.818582235619171e-05)
(410, 3.814683238998419e-05)
(411, 3.810292291126402e-05)
(412, 3.8058498707030296e-05)
(413, 3.8014531482831905e-05)
(414, 3.7994931433979725e-05)
(415, 3.795349768486368e-05)
(416, 3.798630216176836e-05)
(417, 3.827842090913146e-05)
(418, 3.828301760657695e-05)
(419, 3.829284355506692e-05)
(420, 3.83014319508913e-05)
(421, 3.831187979873456e-05)
(422, 3.858057228115639e-05)
(423, 3.8583691388227695e-05)
(424, 3.87750031154181e-05)
(425, 3.877341473365531e-05)
(426, 3.875563677592737e-05)
(427, 3.8750822474826696e-05)
(428, 3.8738320059378015e-05)
(429, 3.871958299012451e-05)
(430, 3.871418871418681e-05)
(431, 3.889327428007624e-05)
(432, 3.889791939097146e-05)
(433, 3.887783181068528e-05)
(434, 3.906129322911737e-05)
(435, 3.9065750208736834e-05)
(436, 3.904541591267794e-05)
(437, 3.902105565525984e-05)
(438, 3.9021007729413577e-05)
(439, 3.901435378387333e-05)
(440, 3.90111389358274e-05)
(441, 3.9000002891163165e-05)
(442, 3.8955658800663994e-05)
(443, 3.9013998233975996e-05)
(444, 3.9013290907852014e-05)
(445, 3.897168757289313e-05)
(446, 3.8953140929274494e-05)
(447, 3.8995974753427024e-05)
(448, 3.906361754551264e-05)
(449, 3.901960064796005e-05)
(450, 3.901622361607022e-05)
(451, 3.9020178946945196e-05)
(452, 3.8983850983029184e-05)
(453, 3.8947242416984196e-05)
(454, 3.892665376090793e-05)
(455, 3.891494688015063e-05)
(456, 3.889605470344817e-05)
(457, 3.887833905135255e-05)
(458, 3.886899776659158e-05)
(459, 3.88601329177618e-05)
(460, 3.885608925686582e-05)
(461, 3.885987180400308e-05)
(462, 3.886212306540637e-05)
(463, 3.884125452641534e-05)
(464, 3.881939859450634e-05)
(465, 3.88109696007544e-05)
(466, 3.879549543377284e-05)
(467, 3.877773180970926e-05)
(468, 3.8781411782639407e-05)
(469, 3.876375443518543e-05)
(470, 3.8762980616314617e-05)
(471, 3.8756477802738766e-05)
(472, 3.8759536267716e-05)
(473, 3.9068923920519e-05)
(474, 3.905295598701837e-05)
(475, 3.897263423392647e-05)
(476, 3.8892649478052095e-05)
(477, 3.8812790686885514e-05)
(478, 3.881485563815887e-05)
(479, 3.881482426893736e-05)
(480, 3.8775418458196026e-05)
(481, 3.8756342728674535e-05)
(482, 3.87373461515577e-05)
(483, 3.872691667166309e-05)
(484, 3.870909269668224e-05)
(485, 3.870907383634872e-05)
(486, 3.867098915969393e-05)
(487, 3.8662629901934456e-05)
(488, 3.8658198137141644e-05)
(489, 3.862045162523085e-05)
(490, 3.860040985960133e-05)
(491, 3.856517442799877e-05)
(492, 3.854918806639508e-05)
(493, 3.855395637089897e-05)
(494, 3.859635747908822e-05)
(495, 3.858060726538451e-05)
(496, 3.858084786653278e-05)
(497, 3.857042366859899e-05)
(498, 3.855522202110913e-05)
(499, 3.853787710976027e-05)
(500, 3.852540114894509e-05)
(501, 3.851018102464086e-05)
(502, 3.866952346764e-05)
(503, 3.865487210704366e-05)
(504, 3.881964440797529e-05)
(505, 3.8804952055215836e-05)
(506, 3.878715569558351e-05)
(507, 3.877002148865125e-05)
(508, 3.8769490298206414e-05)
(509, 3.8765424822250375e-05)
(510, 3.898510042870162e-05)
(511, 3.897221376226373e-05)
(512, 3.895019790434162e-05)
(513, 3.891267321756941e-05)
(514, 3.8882298485633235e-05)
(515, 3.9119808708579794e-05)
(516, 3.911725104634845e-05)
(517, 3.908685006820948e-05)
(518, 3.908629642447104e-05)
(519, 3.905183373661514e-05)
(520, 3.901769523508847e-05)
(521, 3.9000194627012267e-05)
(522, 3.898601802387114e-05)
(523, 3.897342528172023e-05)
(524, 3.8958781573011445e-05)
(525, 3.894724129211335e-05)
(526, 3.89300414251284e-05)
(527, 3.891784045668549e-05)
(528, 3.8903223343588636e-05)
(529, 3.904934236621361e-05)
(530, 3.9035664379315555e-05)
(531, 3.9025616311168265e-05)
(532, 3.914342522691179e-05)
(533, 3.913114866063586e-05)
(534, 3.913315039211779e-05)
(535, 3.912037795531415e-05)
(536, 3.910578792539439e-05)
(537, 3.9103542397308614e-05)
(538, 3.9086063465165826e-05)
(539, 3.908738815303415e-05)
(540, 3.907093002150456e-05)
(541, 3.90565658053607e-05)
(542, 3.9049819441739044e-05)
(543, 3.90451235103234e-05)
(544, 3.902647414874724e-05)
(545, 3.901761785628052e-05)
(546, 3.902747589180539e-05)
(547, 3.9046438720751506e-05)
(548, 3.906989378351582e-05)
(549, 3.906922034905691e-05)
(550, 3.9041276428509844e-05)
(551, 3.9269695119313665e-05)
(552, 3.9235148427036144e-05)
(553, 3.920072667758784e-05)
(554, 3.917130308783872e-05)
(555, 3.91392825960039e-05)
(556, 3.910827636383742e-05)
(557, 3.907468907294303e-05)
(558, 3.90569924787488e-05)
(559, 3.907710483734211e-05)
(560, 3.9083752614845125e-05)
(561, 3.907772083227222e-05)
(562, 3.91145931967796e-05)
(563, 3.909609498882908e-05)
(564, 3.9278548986961446e-05)
(565, 3.926248075358108e-05)
(566, 3.924788273673492e-05)
(567, 3.9246739783509906e-05)
(568, 3.923274884918626e-05)
(569, 3.940668096193006e-05)
(570, 3.93898271252973e-05)
(571, 3.939667502956403e-05)
(572, 3.938269483941522e-05)
(573, 3.9379758090691e-05)
(574, 3.9364636359729835e-05)
(575, 3.934852414481018e-05)
(576, 3.9331599610805926e-05)
(577, 3.93147337406977e-05)
(578, 4.0140659967276255e-05)
(579, 4.012072788606139e-05)
(580, 4.0111209442517883e-05)
(581, 4.009501094867358e-05)
(582, 4.0079555810265936e-05)
(583, 4.0069985240186675e-05)
(584, 4.0060789914393464e-05)
(585, 4.007436104246185e-05)
(586, 4.0050514150449034e-05)
(587, 4.068024066202279e-05)
(588, 4.0687757249617455e-05)
(589, 4.065246400320571e-05)
(590, 4.062322244616383e-05)
(591, 4.0602540146628815e-05)
(592, 4.064966413205036e-05)
(593, 4.071163753295729e-05)
(594, 4.07119545778291e-05)
(595, 4.0717817013378904e-05)
(596, 4.0710068873486065e-05)
(597, 4.0879231289503364e-05)
(598, 4.084782797942891e-05)
(599, 4.08267130444016e-05)
(600, 4.0837835210065045e-05)
(601, 4.10890202820549e-05)
(602, 4.1078241229478106e-05)
(603, 4.123996867555785e-05)
(604, 4.122152482005243e-05)
(605, 4.1203472901843795e-05)
(606, 4.118630545760932e-05)
(607, 4.1190611161721204e-05)
(608, 4.1171218694408275e-05)
(609, 4.115632363581305e-05)
(610, 4.1622132612544985e-05)
(611, 4.173617172870425e-05)
(612, 4.1725981776645175e-05)
(613, 4.175579293857391e-05)
(614, 4.177720055396665e-05)
(615, 4.1762440715257715e-05)
(616, 4.169594325645307e-05)
(617, 4.163063380329883e-05)
(618, 4.1565535707598174e-05)
(619, 4.150097104923887e-05)
(620, 4.143596949776815e-05)
(621, 4.137375380022034e-05)
(622, 4.1309165786292965e-05)
(623, 4.130224906577823e-05)
(624, 4.129118781584578e-05)
(625, 4.126000180840492e-05)
(626, 4.125112026465682e-05)
(627, 4.124354260663191e-05)
(628, 4.122070271142159e-05)
(629, 4.1187283344602356e-05)
(630, 4.115428790331833e-05)
(631, 4.113867115849266e-05)
(632, 4.111978083943265e-05)
(633, 4.1089576079052584e-05)
(634, 4.1056942556065154e-05)
(635, 4.1045986599926875e-05)
(636, 4.1012895299391176e-05)
(637, 4.09814777668548e-05)
(638, 4.09495317578596e-05)
(639, 4.0916903439985006e-05)
(640, 4.088593959750142e-05)
(641, 4.085881654434662e-05)
(642, 4.10934604089301e-05)
(643, 4.109969141011012e-05)
(644, 4.10824558576164e-05)
(645, 4.129488627577937e-05)
(646, 4.127662810540236e-05)
(647, 4.127017262649407e-05)
(648, 4.1253397666653736e-05)
(649, 4.124283777673274e-05)
(650, 4.1367848976873434e-05)
(651, 4.1366823034764436e-05)
(652, 4.2458591579910986e-05)
(653, 4.2444566381698725e-05)
(654, 4.24584126760699e-05)
(655, 4.2911911141553905e-05)
(656, 4.319253337864832e-05)
(657, 4.3347947826804636e-05)
(658, 4.333921242505312e-05)
(659, 4.3538394447681754e-05)
(660, 4.353272996729974e-05)
(661, 4.3530108719928905e-05)
(662, 4.3509217482791744e-05)
(663, 4.3496533773198925e-05)
(664, 4.351054492170911e-05)
(665, 4.3481356233246344e-05)
(666, 4.348093392075719e-05)
(667, 4.35823115284207e-05)
(668, 4.3569463807085676e-05)
(669, 4.3548134076221104e-05)
(670, 4.3918957947683866e-05)
(671, 4.3854846073600466e-05)
(672, 4.379077602477212e-05)
(673, 4.372719390232e-05)
(674, 4.3663206974525306e-05)
(675, 4.3599113339075335e-05)
(676, 4.353520932976575e-05)
(677, 4.3471494106303464e-05)
(678, 4.340811449880533e-05)
(679, 4.3344921233552194e-05)
(680, 4.328191417324192e-05)
(681, 4.321923882874186e-05)
(682, 4.315704054027096e-05)
(683, 4.3095170627968555e-05)
(684, 4.3033043192209384e-05)
(685, 4.2972703172016316e-05)
(686, 4.291137254120831e-05)
(687, 4.284992967251e-05)
(688, 4.283139796191177e-05)
(689, 4.281930582184231e-05)
(690, 4.281261092240828e-05)
(691, 4.2794358225164644e-05)
(692, 4.278063825250878e-05)
(693, 4.276046415180785e-05)
(694, 4.305374897179068e-05)
(695, 4.304072203235232e-05)
(696, 4.305086471943249e-05)
(697, 4.304548320621038e-05)
(698, 4.304341243361163e-05)
(699, 4.304220562851395e-05)
(700, 4.307714523747563e-05)
(701, 4.3075893754498256e-05)
(702, 4.311139825360048e-05)
(703, 4.3097015067532255e-05)
(704, 4.308565555468456e-05)
(705, 4.3082839300763524e-05)
(706, 4.310028564195457e-05)
(707, 4.309179890990426e-05)
(708, 4.308319474323153e-05)
(709, 4.3079833341145044e-05)
(710, 4.3061270024365104e-05)
(711, 4.306765379313427e-05)
(712, 4.304803644955744e-05)
(713, 4.3031138787242e-05)
(714, 4.301807016176002e-05)
(715, 4.3000562533319414e-05)
(716, 4.3000282222852525e-05)
(717, 4.294170443399847e-05)
(718, 4.288356836812576e-05)
(719, 4.282587218216215e-05)
(720, 4.276778070359594e-05)
(721, 4.270971183059285e-05)
(722, 4.2651526802774115e-05)
(723, 4.264910416845052e-05)
(724, 4.263881539915642e-05)
(725, 4.2621244772754864e-05)
(726, 4.2603309163644127e-05)
(727, 4.2595739183022525e-05)
(728, 4.2577201224208536e-05)
(729, 4.2520168036815236e-05)
(730, 4.246315395791237e-05)
(731, 4.24484302520385e-05)
(732, 4.280150627534165e-05)
(733, 4.279713837574725e-05)
(734, 4.279850480940995e-05)
(735, 4.27770102079831e-05)
(736, 4.274674258498556e-05)
(737, 4.287286638819298e-05)
(738, 4.2867889693435936e-05)
(739, 4.284939456463909e-05)
(740, 4.279243577322042e-05)
(741, 4.273671034708438e-05)
(742, 4.2680191877737364e-05)
(743, 4.2623825544243224e-05)
(744, 4.2567879552402164e-05)
(745, 4.251141244883105e-05)
(746, 4.250925232783639e-05)
(747, 4.249264036057145e-05)
(748, 4.2473666374895346e-05)
(749, 4.245848108943457e-05)
(750, 4.244386994590362e-05)
(751, 4.2582027485145236e-05)
(752, 4.257487060076141e-05)
(753, 4.288871558618102e-05)
(754, 4.287560060323866e-05)
(755, 4.285722230838624e-05)
(756, 4.285780796731906e-05)
(757, 4.284650295274024e-05)
(758, 4.284076870598469e-05)
(759, 4.282938433033126e-05)
(760, 4.2811845502767125e-05)
(761, 4.27567706603689e-05)
(762, 4.270170928954374e-05)
(763, 4.2646923157365734e-05)
(764, 4.259267326990503e-05)
(765, 4.2537650324745115e-05)
(766, 4.248329293585866e-05)
(767, 4.242907759079022e-05)
(768, 4.242721691601522e-05)
(769, 4.239818287143782e-05)
(770, 4.2384678751907563e-05)
(771, 4.237276609460358e-05)
(772, 4.235958895245519e-05)
(773, 4.239405269215286e-05)
(774, 4.238772984517098e-05)
(775, 4.238671322743739e-05)
(776, 4.2358251017297514e-05)
(777, 4.234131631780622e-05)
(778, 4.2321854438584844e-05)
(779, 4.232400880029021e-05)
(780, 4.230846519558093e-05)
(781, 4.229334567014066e-05)
(782, 4.2509083050157865e-05)
(783, 4.2495533935773266e-05)
(784, 4.247602429335975e-05)
(785, 4.245923938834743e-05)
(786, 4.251412608904845e-05)
(787, 4.25017828753708e-05)
(788, 4.248591766309768e-05)
(789, 4.2635365241739537e-05)
(790, 4.307405457277841e-05)
(791, 4.32240243944635e-05)
(792, 4.327639312991364e-05)
(793, 4.327314416085185e-05)
(794, 4.3263102316248324e-05)
(795, 4.3246922311636636e-05)
(796, 4.3193848298198014e-05)
(797, 4.3140781851698046e-05)
(798, 4.308809932405339e-05)
(799, 4.3035548667566794e-05)
(800, 4.2983004241250456e-05)
(801, 4.29315897711691e-05)
(802, 4.287918116850895e-05)
(803, 4.2826903097860396e-05)
(804, 4.277637214469376e-05)
(805, 4.27244760396873e-05)
(806, 4.26720882125809e-05)
(807, 4.262181317440639e-05)
(808, 4.2570177131415446e-05)
(809, 4.2518174588882876e-05)
(810, 4.246642376169746e-05)
(811, 4.2414924005820484e-05)
(812, 4.2363304789338646e-05)
(813, 4.231230427968106e-05)
(814, 4.2261183376284434e-05)
(815, 4.221031076611917e-05)
(816, 4.2159685251010836e-05)
(817, 4.234467946549232e-05)
(818, 4.2331299669403026e-05)
(819, 4.23145337173572e-05)
(820, 4.2300979413728164e-05)
(821, 4.228526566418094e-05)
(822, 4.226971194465302e-05)
(823, 4.2461000274264795e-05)
(824, 4.244187295219852e-05)
(825, 4.242630703656963e-05)
(826, 4.254794593891422e-05)
(827, 4.249758581476604e-05)
(828, 4.24472264189651e-05)
(829, 4.239650600476345e-05)
(830, 4.234651036291237e-05)
(831, 4.232792261086861e-05)
(832, 4.2319475491799843e-05)
(833, 4.2488719957197555e-05)
(834, 4.247554390282511e-05)
(835, 4.2492818522328386e-05)
(836, 4.248421485468959e-05)
(837, 4.2680171657723054e-05)
(838, 4.26766153109351e-05)
(839, 4.341585658206488e-05)
(840, 4.3398099729702585e-05)
(841, 4.3685497897682664e-05)
(842, 4.367019445801291e-05)
(843, 4.3760028127514594e-05)
(844, 4.374502823683676e-05)
(845, 4.373538919542668e-05)
(846, 4.372518205790655e-05)
(847, 4.3698115639362175e-05)
(848, 4.368408485359671e-05)
(849, 4.37791566216377e-05)
(850, 4.376341643578866e-05)
(851, 4.3747595869241115e-05)
(852, 4.373028647032142e-05)
(853, 4.371923093158852e-05)
(854, 4.370351768026796e-05)
(855, 4.368901051232341e-05)
(856, 4.3683999792507317e-05)
(857, 4.367176644382357e-05)
(858, 4.366270835253048e-05)
(859, 4.363772285857148e-05)
(860, 4.3621865036182626e-05)
(861, 4.359698474718718e-05)
(862, 4.358503944834742e-05)
(863, 4.365400255788312e-05)
(864, 4.3627203989739496e-05)
(865, 4.36222013839752e-05)
(866, 4.363233733311399e-05)
(867, 4.3643257422791635e-05)
(868, 4.363721660402719e-05)
(869, 4.362589647506886e-05)
(870, 4.3629774898718826e-05)
(871, 4.361630775607549e-05)
(872, 4.360206887647168e-05)
(873, 4.360023384566023e-05)
(874, 4.371899783236211e-05)
(875, 4.371177591383457e-05)
(876, 4.369635150882684e-05)
(877, 4.368119033110862e-05)
(878, 4.366617745259493e-05)
(879, 4.365188159701225e-05)
(880, 4.3636368090202185e-05)
(881, 4.3642796759961956e-05)
(882, 4.3859301439049294e-05)
(883, 4.38595740156225e-05)
(884, 4.3844122005567564e-05)
(885, 4.381797050183776e-05)
(886, 4.380203585895136e-05)
(887, 4.377452527480504e-05)
(888, 4.381250442207061e-05)
(889, 4.37861688212985e-05)
(890, 4.3762926001813306e-05)
(891, 4.373906168764756e-05)
(892, 4.3715587336854015e-05)
(893, 4.3712882272907494e-05)
(894, 4.3689489720901785e-05)
(895, 4.368436174186248e-05)
(896, 4.3678799037089835e-05)
(897, 4.367402873086092e-05)
(898, 4.385078361129309e-05)
(899, 4.38370453908592e-05)
(900, 4.381878198020988e-05)
(901, 4.379278990532066e-05)
(902, 4.377938340316855e-05)
(903, 4.3763127281090216e-05)
(904, 4.374823456761979e-05)
(905, 4.386199350103489e-05)
(906, 4.412064474758591e-05)
(907, 4.410529673477386e-05)
(908, 4.408954199616867e-05)
(909, 4.4074481992487465e-05)
(910, 4.4058575960142275e-05)
(911, 4.404413173410686e-05)
(912, 4.402862293972519e-05)
(913, 4.401687213381893e-05)
(914, 4.400000489710196e-05)
(915, 4.409694474170117e-05)
(916, 4.408242842833223e-05)
(917, 4.4055293987514275e-05)
(918, 4.402832746960239e-05)
(919, 4.40252499433966e-05)
(920, 4.4045005115154e-05)
(921, 4.4035727317959685e-05)
(922, 4.4170395852977695e-05)
(923, 4.416826117545657e-05)
(924, 4.4156282684600455e-05)
(925, 4.4502924775352346e-05)
(926, 4.4496334208171516e-05)
(927, 4.447443951262883e-05)
(928, 4.44959110484041e-05)
(929, 4.448084560683071e-05)
(930, 4.4473554308135666e-05)
(931, 4.496133789244067e-05)
(932, 4.494270982316699e-05)
(933, 4.49274444507409e-05)
(934, 4.5063924612736674e-05)
(935, 4.504963152987116e-05)
(936, 4.503494188285027e-05)
(937, 4.5019536395432984e-05)
(938, 4.5003950534297075e-05)
(939, 4.500671536825335e-05)
(940, 4.4990750772759636e-05)
(941, 4.498959161681652e-05)
(942, 4.499788285329969e-05)
(943, 4.4990567962539285e-05)
(944, 4.4974899984959326e-05)
(945, 4.4979265196219325e-05)
(946, 4.498245825609054e-05)
(947, 4.497952016764797e-05)
(948, 4.496572333887094e-05)
(949, 4.4945527596283384e-05)
(950, 4.495800595338407e-05)
(951, 4.4958049981814706e-05)
(952, 4.495305210711951e-05)
(953, 4.494397222784671e-05)
(954, 4.4935540319566835e-05)
(955, 4.492618377608155e-05)
(956, 4.492594717288678e-05)
(957, 4.4921008955644466e-05)
(958, 4.490136289444124e-05)
(959, 4.4885198794484016e-05)
(960, 4.487969345063902e-05)
(961, 4.4863377421567144e-05)
(962, 4.484969420695441e-05)
(963, 4.483365090148038e-05)
(964, 4.4820441611312115e-05)
(965, 4.4815549916476786e-05)
(966, 4.480073038550329e-05)
(967, 4.478542455842848e-05)
(968, 4.477077019439379e-05)
(969, 4.475666195638593e-05)
(970, 4.473031479289237e-05)
(971, 4.4719366899602324e-05)
(972, 4.4692803793222694e-05)
(973, 4.4667220148971e-05)
(974, 4.4641175806461174e-05)
(975, 4.463692840475302e-05)
(976, 4.463699301819271e-05)
(977, 4.4630302074331956e-05)
(978, 4.483620157172039e-05)
(979, 4.482237489911156e-05)
(980, 4.479714802333287e-05)
(981, 4.478930196630845e-05)
(982, 4.4781166269176484e-05)
(983, 4.475697399413598e-05)
(984, 4.473994452907605e-05)
(985, 4.475117297039419e-05)
(986, 4.4726273120507505e-05)
(987, 4.471145407980819e-05)
(988, 4.4696563939650654e-05)
(989, 4.469181521144988e-05)
(990, 4.469000550946503e-05)
(991, 4.49457167301e-05)
(992, 4.493175947573036e-05)
(993, 4.493998535247548e-05)
(994, 4.4932500393667694e-05)
(995, 4.491668882494296e-05)
(996, 4.512651161436575e-05)
(997, 4.530702661554756e-05)
(998, 4.5291789226935714e-05)
(999, 4.527668232793684e-05)
(1000, 4.527240572497249e-05)
(1001, 4.531499058879041e-05)
(1002, 4.5301801870816836e-05)
(1003, 4.528345519738088e-05)
(1004, 4.525916869807766e-05)
(1005, 4.524517948021046e-05)
(1006, 4.53156117760904e-05)
(1007, 4.5314702633564856e-05)
(1008, 4.528978740656009e-05)
(1009, 4.527681438867058e-05)
(1010, 4.548069878047941e-05)
(1011, 4.545589089098835e-05)
(1012, 4.5431033329000115e-05)
(1013, 4.556575083970906e-05)
(1014, 4.554053821786503e-05)
(1015, 4.551645891346368e-05)
(1016, 4.549754515847587e-05)
(1017, 4.54833883986302e-05)
(1018, 4.563959336460866e-05)
(1019, 4.5623951084304954e-05)
(1020, 4.561324147324936e-05)
(1021, 4.559834113747728e-05)
(1022, 4.558513349253837e-05)
(1023, 4.5571071783104364e-05)
(1024, 4.55544986834866e-05)
(1025, 4.5541957838506234e-05)
(1026, 4.551618597806081e-05)
(1027, 4.54914380234921e-05)
(1028, 4.546595977416356e-05)
(1029, 4.544130850500048e-05)
(1030, 4.543107414383043e-05)
(1031, 4.540728070889713e-05)
(1032, 4.540233175241381e-05)
(1033, 4.537774084022292e-05)
(1034, 4.5370992373970536e-05)
(1035, 4.536396720343166e-05)
(1036, 4.5339967273391464e-05)
(1037, 4.531543503408549e-05)
(1038, 4.530106563487149e-05)
(1039, 4.529682973164911e-05)
(1040, 4.528010187921329e-05)
(1041, 4.5256489909305006e-05)
(1042, 4.5213633397461815e-05)
(1043, 4.517133856658339e-05)
(1044, 4.512902886260629e-05)
(1045, 4.508670432822841e-05)
(1046, 4.5044460720302496e-05)
(1047, 4.50031575235363e-05)
(1048, 4.4961360626221273e-05)
(1049, 4.4919452758717245e-05)
(1050, 4.4877815193363595e-05)
(1051, 4.4836161824760266e-05)
(1052, 4.4794302361135585e-05)
(1053, 4.475261725959388e-05)
(1054, 4.4711106244750335e-05)
(1055, 4.467005307358023e-05)
(1056, 4.4628793451314173e-05)
(1057, 4.4587233465943794e-05)
(1058, 4.454584667258429e-05)
(1059, 4.4504254643046374e-05)
(1060, 4.446292998936941e-05)
(1061, 4.442187173609797e-05)
(1062, 4.438098485839401e-05)
(1063, 4.434008072441407e-05)
(1064, 4.429897163028276e-05)
(1065, 4.425822153792415e-05)
(1066, 4.4217266362530875e-05)
(1067, 4.417629412357061e-05)
(1068, 4.4136428691042163e-05)
(1069, 4.409560872724505e-05)
(1070, 4.4054771712589484e-05)
(1071, 4.401410422022659e-05)
(1072, 4.397425887439011e-05)
(1073, 4.3934115225176666e-05)
(1074, 4.389423255251939e-05)
(1075, 4.385442408018334e-05)
(1076, 4.381468938490493e-05)
(1077, 4.377502869354594e-05)
(1078, 4.373525583802106e-05)
(1079, 4.369564949119665e-05)
(1080, 4.365565341517881e-05)
(1081, 4.36159165681208e-05)
(1082, 4.3576160642058484e-05)
(1083, 4.3536293460529157e-05)
(1084, 4.349659197891605e-05)
(1085, 4.345779328645649e-05)
(1086, 4.341906604646923e-05)
(1087, 4.338004207367072e-05)
(1088, 4.334072218625806e-05)
(1089, 4.3301566446643013e-05)
(1090, 4.3262299064786065e-05)
(1091, 4.3223103453720196e-05)
(1092, 4.318397962948778e-05)
(1093, 4.314520197757754e-05)
(1094, 4.3106586519131606e-05)
(1095, 4.30680418038341e-05)
(1096, 4.302956721317159e-05)
(1097, 4.299098066306429e-05)
(1098, 4.2952646336811706e-05)
(1099, 4.291429088617911e-05)
(1100, 4.2876005172729494e-05)
(1101, 4.283806159381808e-05)
(1102, 4.2800368367611496e-05)
(1103, 4.276256195201133e-05)
(1104, 4.272464286549476e-05)
(1105, 4.268679262151546e-05)
(1106, 4.264937227871438e-05)
(1107, 4.261156797321562e-05)
(1108, 4.2573922054862286e-05)
(1109, 4.253634402815612e-05)
(1110, 4.249874372370877e-05)
(1111, 4.246085106783306e-05)
(1112, 4.2423476103237635e-05)
(1113, 4.2386168299405184e-05)
(1114, 4.23491070100526e-05)
(1115, 4.231157428647638e-05)
(1116, 4.2274108617216027e-05)
(1117, 4.223697871343302e-05)
(1118, 4.219973633942163e-05)
(1119, 4.216247126693114e-05)
(1120, 4.212527253132846e-05)
(1121, 4.2088675403254674e-05)
(1122, 4.2052054487221914e-05)
(1123, 4.201540963944854e-05)
(1124, 4.197874113095401e-05)
(1125, 4.194213781091902e-05)
(1126, 4.1905777126907983e-05)
(1127, 4.1869480969399184e-05)
(1128, 4.1832983104102576e-05)
(1129, 4.17964614224946e-05)
(1130, 4.17601813735292e-05)
(1131, 4.172378864425879e-05)
(1132, 4.168737177036097e-05)
(1133, 4.165093102126603e-05)
(1134, 4.161464262300383e-05)
(1135, 4.157921122920408e-05)
(1136, 4.154304985258676e-05)
(1137, 4.1509239025997195e-05)
(1138, 4.14734664135768e-05)
(1139, 4.143749332649076e-05)
(1140, 4.140193422994854e-05)
(1141, 4.136643725905264e-05)
(1142, 4.133100245448054e-05)
(1143, 4.129571724464678e-05)
(1144, 4.1260493722242805e-05)
(1145, 4.122550639946128e-05)
(1146, 4.119075465797858e-05)
(1147, 4.115527874928978e-05)
(1148, 4.111995185540425e-05)
(1149, 4.108503458452442e-05)
(1150, 4.105000412496536e-05)
(1151, 4.10154688420449e-05)
(1152, 4.098038597375206e-05)
(1153, 4.0945277128494627e-05)
(1154, 4.0910315887108314e-05)
(1155, 4.087532870471478e-05)
(1156, 4.084057486406608e-05)
(1157, 4.0805794768737326e-05)
(1158, 4.0770988486745816e-05)
(1159, 4.073624206647418e-05)
(1160, 4.0701814276840666e-05)
(1161, 4.066718749470951e-05)
(1162, 4.063262031117066e-05)
(1163, 4.059854239827584e-05)
(1164, 4.0566412887225546e-05)
(1165, 4.0532450307592305e-05)
(1166, 4.049863164691737e-05)
(1167, 4.046538508726219e-05)
(1168, 4.043142500250562e-05)
(1169, 4.039777974997248e-05)
(1170, 4.036419181169098e-05)
(1171, 4.033049064299472e-05)
(1172, 4.029684678616428e-05)
(1173, 4.026334564450045e-05)
(1174, 4.022990157462822e-05)
(1175, 4.019642922472447e-05)
(1176, 4.0163184067893294e-05)
(1177, 4.0129910341084966e-05)
(1178, 4.009677809528715e-05)
(1179, 4.006378677301583e-05)
(1180, 4.00305970303588e-05)
(1181, 3.99976328431702e-05)
(1182, 3.996430151637284e-05)
(1183, 3.9931702792065084e-05)
(1184, 3.989856781412822e-05)
(1185, 3.986540446961731e-05)
(1186, 3.9832971591194605e-05)
(1187, 3.979983504174282e-05)
(1188, 3.976709117661371e-05)
(1189, 3.9734486396494183e-05)
(1190, 3.970210448283107e-05)
(1191, 3.967078451120383e-05)
(1192, 3.963800701125206e-05)
(1193, 3.9605619752746814e-05)
(1194, 3.957328674425582e-05)
(1195, 3.954084048429543e-05)
(1196, 3.950819774160168e-05)
(1197, 3.9476361327999916e-05)
(1198, 3.944649784755776e-05)
(1199, 3.941426557753611e-05)
(1200, 3.9382336932855344e-05)
(1201, 3.9350294929112525e-05)
(1202, 3.931855592263023e-05)
(1203, 3.9286537177966025e-05)
(1204, 3.9254488660164945e-05)
(1205, 3.9222825287659634e-05)
(1206, 3.9191131408991996e-05)
(1207, 3.9159904204018865e-05)
(1208, 3.9128314885650055e-05)
(1209, 3.9096695014311815e-05)
(1210, 3.906504485817734e-05)
(1211, 3.9033199338247024e-05)
(1212, 3.900140617657514e-05)
(1213, 3.8969995199049294e-05)
(1214, 3.893896565301562e-05)
(1215, 3.890757556284161e-05)
(1216, 3.88759081512322e-05)
(1217, 3.8844457121172596e-05)
(1218, 3.8812975727988187e-05)
(1219, 3.87815459859821e-05)
(1220, 3.875057751190711e-05)
(1221, 3.871941396678256e-05)
(1222, 3.86886287605582e-05)
(1223, 3.865773055492272e-05)
(1224, 3.862688264633024e-05)
(1225, 3.859624836821945e-05)
(1226, 3.856615346459881e-05)
(1227, 3.853561880390335e-05)
(1228, 3.850521521296971e-05)
(1229, 3.847518637988556e-05)
(1230, 3.844471875487304e-05)
(1231, 3.841421948965248e-05)
(1232, 3.83837695472402e-05)
(1233, 3.835328798725996e-05)
(1234, 3.832261262210976e-05)
(1235, 3.829231101129702e-05)
(1236, 3.826165380420519e-05)
(1237, 3.8231046164141805e-05)
(1238, 3.820073020513589e-05)
(1239, 3.817038256539704e-05)
(1240, 3.813992258191349e-05)
(1241, 3.810951168784732e-05)
(1242, 3.8079310796447036e-05)
(1243, 3.804899759632584e-05)
(1244, 3.801897438422708e-05)
(1245, 3.798883857138186e-05)
(1246, 3.795891183235624e-05)
(1247, 3.792887251845052e-05)
(1248, 3.7898961566567705e-05)
(1249, 3.786949892703584e-05)
(1250, 3.783960323780775e-05)
(1251, 3.7809835373164174e-05)
(1252, 3.778043455227067e-05)
