C:\Users\shaul\PycharmProjects\ZageTheSmartSnake\.venv\Scripts\python.exe "C:\Users\shaul\PycharmProjects\ZageTheSmartSnake\step 1 simulation\step1_sim.py" 
C:\Users\shaul\PycharmProjects\ZageTheSmartSnake\.venv\Lib\site-packages\pygame\surfarray.py:47: UserWarning: The NumPy module was reloaded (imported a second time). This can in some cases result in small but subtle issues and is discouraged.
  import numpy
pygame 2.6.0 (SDL 2.28.4, Python 3.12.1)
Hello from the pygame community. https://www.pygame.org/contribute.html
(1, 0.00030800001695752144)
(2, 0.0004944999818690121)
(3, 0.00032900000223889947)
(4, 0.00018150004325434566)
(5, 0.00017819995991885662)
(6, 0.00017519999528303742)
(7, 0.00018220004858449101)
(8, 0.0001832999987527728)
(9, 0.00018279999494552612)
(10, 0.000185999961104244)
(11, 0.00018250005086883903)
(12, 0.0001832999987527728)
(13, 0.0001900999923236668)
(14, 0.00017179996939375997)
(15, 0.00017249997472390532)
(16, 0.00020619999850168824)
(17, 0.00017180002760142088)
(18, 0.0001724000321701169)
(19, 0.00017229997320100665)
(20, 0.0001721000298857689)
(21, 0.00019290001364424825)
(22, 0.00018609996186569333)
(23, 0.00017279997700825334)
(24, 0.00017250003293156624)
(25, 0.00017209997167810798)
(26, 0.00017200002912431955)
(27, 0.00021020002895966172)
(28, 0.00020730000687763095)
(29, 0.00017209997167810798)
(30, 0.00017310003750026226)
(31, 0.00020589999621734023)
(32, 0.00017579999985173345)
(33, 0.00017200002912431955)
(34, 0.000172699976246804)
(35, 0.0001715999678708613)
(36, 0.00017280003521591425)
(37, 0.00020780001068487763)
(38, 0.00017219997243955731)
(39, 0.00017209997167810798)
(40, 0.0001732000382617116)
(41, 0.00017329998081550002)
(42, 0.0001727000344544649)
(43, 0.0001718999701552093)
(44, 0.00017259997548535466)
(45, 0.00017200002912431955)
(46, 0.00017259997548535466)
(47, 0.00017150002531707287)
(48, 0.00020780001068487763)
(49, 0.0002308000111952424)
(50, 0.0001905999961309135)
(51, 0.00020519999088719487)
(52, 0.0001886999816633761)
(53, 0.00018749997252598405)
(54, 0.00017309997929260135)
(55, 0.0002101999707520008)
(56, 0.00017390004359185696)
(57, 0.00017319998005405068)
(58, 0.00021199998445808887)
(59, 0.00017309997929260135)
(60, 0.00017399998614564538)
(61, 0.00017149996710941195)
(62, 0.00017230003140866756)
(63, 0.00017199997091665864)
(64, 0.00017779995687305927)
(65, 0.0001718999701552093)
(66, 0.00017330003902316093)
(67, 0.00017229997320100665)
(68, 0.00023370003327727318)
(69, 0.00019079999765381217)
(70, 0.00019099999917671084)
(71, 0.00017199997091665864)
(72, 0.00017380004283040762)
(73, 0.00017149996710941195)
(74, 0.00021160003961995244)
(75, 0.00017309997929260135)
(76, 0.00017380004283040762)
(77, 0.00017640000442042947)
(78, 0.00017279997700825334)
(79, 0.00020670000230893493)
(80, 0.00017259997548535466)
(81, 0.00017150002531707287)
(82, 0.00020279997261241078)
(83, 0.00017529999604448676)
(84, 0.00022609997540712357)
(85, 0.00033740000799298286)
(86, 0.00021300005028024316)
(87, 0.00023780000628903508)
(88, 0.00032190000638365746)
(89, 0.00022899999748915434)
(90, 0.0002321999636478722)
(91, 0.0002300000051036477)
(92, 0.0001745999907143414)
(93, 0.00017249997472390532)
(94, 0.0001732000382617116)
(95, 0.00017329998081550002)
(96, 0.00017380004283040762)
(97, 0.0002481999690644443)
(98, 0.0002673999988473952)
(99, 0.00017259997548535466)
(100, 0.00017280003521591425)
(101, 0.000172999978531152)
(102, 0.00017359998309984803)
(103, 0.00017249997472390532)
(104, 0.00017319998005405068)
(105, 0.0001716000260785222)
(106, 0.000172699976246804)
(107, 0.00022520002676174045)
(108, 0.0001742999884299934)
(109, 0.00017250003293156624)
(110, 0.00017329998081550002)
(111, 0.00017139996634796262)
(112, 0.00021030002972111106)
(113, 0.00017209997167810798)
(114, 0.0001710999640636146)
(115, 0.00017230003140866756)
(116, 0.00017110002227127552)
(117, 0.000188700039871037)
(118, 0.00020780001068487763)
(119, 0.0001715999678708613)
(120, 0.00017119996482506394)
(121, 0.0001724000321701169)
(122, 0.000172699976246804)
(123, 0.00018849998014047742)
(124, 0.00017190002836287022)
(125, 0.00017259997548535466)
(126, 0.00017279997700825334)
(127, 0.0001727000344544649)
(128, 0.0001870999694801867)
(129, 0.00017329998081550002)
(130, 0.00017249997472390532)
(131, 0.00017229997320100665)
(132, 0.00017220003064721823)
(133, 0.00019619998056441545)
(134, 0.00018630002159625292)
(135, 0.00017150002531707287)
(136, 0.000172399973962456)
(137, 0.0001721000298857689)
(138, 0.0001721000298857689)
(139, 0.00020750000840052962)
(140, 0.00017259997548535466)
(141, 0.0001721000298857689)
(142, 0.00017200002912431955)
(143, 0.0001742999884299934)
(144, 0.00021060003200545907)
(145, 0.00017229997320100665)
(146, 0.00017190002836287022)
(147, 0.00017220003064721823)
(148, 0.000172699976246804)
(149, 0.00017370004206895828)
(150, 0.00017229997320100665)
(151, 0.00017289997776970267)
(152, 0.00017449998995289207)
(153, 0.00017209997167810798)
(154, 0.00017250003293156624)
(155, 0.0002182999742217362)
(156, 0.00017410004511475563)
(157, 0.00017329998081550002)
(158, 0.00017250003293156624)
(159, 0.00017279997700825334)
(160, 0.00022610003361478448)
(161, 0.00020760000916197896)
(162, 0.00017310003750026226)
(163, 0.00017289997776970267)
(164, 0.00017230003140866756)
(165, 0.00019649998284876347)
(166, 0.00017549999756738544)
(167, 0.000208500016015023)
(168, 0.00019610003801062703)
(169, 0.00018849998014047742)
(170, 0.00025209999876096845)
(171, 0.0002989000058732927)
(172, 0.00023940001847222447)
(173, 0.00022170000011101365)
(174, 0.000305800000205636)
(175, 0.00023289996897801757)
(176, 0.00024200003826990724)
(177, 0.0001734999823383987)
(178, 0.00017260003369301558)
(179, 0.00017279997700825334)
(180, 0.00017390004359185696)
(181, 0.00017199997091665864)
(182, 0.00017229997320100665)
(183, 0.00020790001144632697)
(184, 0.00017880002269521356)
(185, 0.00017229997320100665)
(186, 0.00017249997472390532)
(187, 0.00017220003064721823)
(188, 0.00017309997929260135)
(189, 0.0001721000298857689)
(190, 0.00017220003064721823)
(191, 0.0001718999701552093)
(192, 0.00017219997243955731)
(193, 0.00017170002683997154)
(194, 0.00021410000044852495)
(195, 0.0001721000298857689)
(196, 0.00017219997243955731)
(197, 0.00017190002836287022)
(198, 0.00017200002912431955)
(199, 0.0002060999977402389)
(200, 0.00017140002455562353)
(201, 0.00017169996863231063)
(202, 0.00017230003140866756)
(203, 0.00017219997243955731)
(204, 0.000172999978531152)
(205, 0.00022610003361478448)
(206, 0.00017369998386129737)
(207, 0.00017399998614564538)
(208, 0.00017340003978461027)
(209, 0.00017309997929260135)
(210, 0.0002747999969869852)
(211, 0.00017369998386129737)
(212, 0.00017280003521591425)
(213, 0.00017319998005405068)
(214, 0.00017340003978461027)
(215, 0.00021299999207258224)
(216, 0.00017259997548535466)
(217, 0.00017289997776970267)
(218, 0.0001732000382617116)
(219, 0.00017259997548535466)
(220, 0.00020750000840052962)
(221, 0.00020830001449212432)
(222, 0.00017200002912431955)
(223, 0.000172999978531152)
(224, 0.00017309997929260135)
(225, 0.00017309997929260135)
(226, 0.00021109997760504484)
(227, 0.00017309997929260135)
(228, 0.00017419998766854405)
(229, 0.00017359998309984803)
(230, 0.00017370004206895828)
(231, 0.00020830001449212432)
(232, 0.00017259997548535466)
(233, 0.00017209997167810798)
(234, 0.0001724000321701169)
(235, 0.00017040001694113016)
(236, 0.00021009996999055147)
(237, 0.0001748999929986894)
(238, 0.00017259997548535466)
(239, 0.00017150002531707287)
(240, 0.00017209997167810798)
(241, 0.00017119996482506394)
(242, 0.00018970004748553038)
(243, 0.00017099996330216527)
(244, 0.00017249997472390532)
(245, 0.00017060001846402884)
(246, 0.0001734999823383987)
(247, 0.0002114999806508422)
(248, 0.00017449998995289207)
(249, 0.0001716000260785222)
(250, 0.0001727000344544649)
(251, 0.00017169996863231063)
(252, 0.0001947000273503363)
(253, 0.00017180002760142088)
(254, 0.00019449996761977673)
(255, 0.00017939996905624866)
(256, 0.00018130004173144698)
(257, 0.00018079997971653938)
(258, 0.00018289999570697546)
(259, 0.00019320001592859626)
(260, 0.00017850002041086555)
(261, 0.00017750001279637218)
(262, 0.0001799999736249447)
(263, 0.00021889997879043221)
(264, 0.00017910002497956157)
(265, 0.0001770000089891255)
(266, 0.00017980003030970693)
(267, 0.00017860002117231488)
(268, 0.0002148000057786703)
(269, 0.00017740001203492284)
(270, 0.00017929996829479933)
(271, 0.00017769995611160994)
(272, 0.000179799972102046)
(273, 0.00024860003031790257)
(274, 0.0002142000012099743)
(275, 0.00017690000822767615)
(276, 0.000179799972102046)
(277, 0.00017739995382726192)
(278, 0.00021790002938359976)
(279, 0.00017670000670477748)
(280, 0.00017980003030970693)
(281, 0.000179499969817698)
(282, 0.00017980003030970693)
(283, 0.00019609997980296612)
(284, 0.0001946999691426754)
(285, 0.00017330003902316093)
(286, 0.0001762000028975308)
(287, 0.00017329998081550002)
(288, 0.0001765000051818788)
(289, 0.00019019999308511615)
(290, 0.0001756999990902841)
(291, 0.00017309997929260135)
(292, 0.0001756999990902841)
(293, 0.000172999978531152)
(294, 0.00017670000670477748)
(295, 0.0001900000497698784)
(296, 0.00017989997286349535)
(297, 0.00017710000975057483)
(298, 0.00018010003259405494)
(299, 0.00020150002092123032)
(300, 0.00019489997066557407)
(301, 0.00017780001508072019)
(302, 0.00017990003107115626)
(303, 0.00017800001660361886)
(304, 0.00021410000044852495)
(305, 0.0001773000112734735)
(306, 0.0001799999736249447)
(307, 0.0001770000089891255)
(308, 0.0001802999759092927)
(309, 0.0001792000257410109)
(310, 0.00021659996127709746)
(311, 0.00017719995230436325)
(312, 0.00017889996524900198)
(313, 0.00017670000670477748)
(314, 0.00017910002497956157)
(315, 0.00024590000975877047)
(316, 0.00022350001381710172)
(317, 0.00019430002430453897)
(318, 0.00021629995899274945)
(319, 0.000255199964158237)
(320, 0.00017980003030970693)
(321, 0.00017710000975057483)
(322, 0.000179799972102046)
(323, 0.00017670000670477748)
(324, 0.00020629999926313758)
(325, 0.00022689998149871826)
(326, 0.00017969997134059668)
(327, 0.00017600000137463212)
(328, 0.00017889996524900198)
(329, 0.00021030002972111106)
(330, 0.00017880002269521356)
(331, 0.00017660000594332814)
(332, 0.00017919996753335)
(333, 0.00017629994545131922)
(334, 0.0002128999913111329)
(335, 0.00017670000670477748)
(336, 0.00017870002193376422)
(337, 0.0001762000028975308)
(338, 0.0002337999758310616)
(339, 0.0002294000005349517)
(340, 0.00017900002421811223)
(341, 0.0002505999873392284)
(342, 0.0001781000173650682)
(343, 0.00017630000365898013)
(344, 0.00021670002024620771)
(345, 0.00017640000442042947)
(346, 0.0001792000257410109)
(347, 0.00017640000442042947)
(348, 0.00017850002041086555)
(349, 0.00017660000594332814)
(350, 0.00017900002421811223)
(351, 0.00017590000061318278)
(352, 0.0001789000234566629)
(353, 0.0001765000051818788)
(354, 0.00017849996220320463)
(355, 0.00021319999359548092)
(356, 0.0001784000196494162)
(357, 0.0001753999968059361)
(358, 0.0001789000234566629)
(359, 0.00017529999604448676)
(360, 0.00019029999384656549)
(361, 0.00017670000670477748)
(362, 0.0001784000196494162)
(363, 0.00017640000442042947)
(364, 0.00017830001888796687)
(365, 0.00019729998894035816)
(366, 0.00019270001212134957)
(367, 0.00017549999756738544)
(368, 0.0001776000135578215)
(369, 0.00017559999832883477)
(370, 0.00017889996524900198)
(371, 0.00021700002253055573)
(372, 0.00017900002421811223)
(373, 0.00017710000975057483)
(374, 0.00017879996448755264)
(375, 0.00017699995078146458)
(376, 0.00019940000493079424)
(377, 0.0002125999890267849)
(378, 0.00018010003259405494)
(379, 0.0001770000089891255)
(380, 0.00017900002421811223)
(381, 0.00017769995611160994)
(382, 0.00017879996448755264)
(383, 0.00017630000365898013)
(384, 0.00017930002650246024)
(385, 0.0001756999990902841)
(386, 0.00021680002100765705)
(387, 0.00017610000213608146)
(388, 0.00019570003496482968)
(389, 0.00018099998123943806)
(390, 0.0001841000048443675)
(391, 0.00018170004477724433)
(392, 0.00018370000179857016)
(393, 0.00018119998276233673)
(394, 0.00018350000027567148)
(395, 0.0001818999880924821)
(396, 0.0001846999512054026)
(397, 0.00018169998656958342)
(398, 0.0001941000227816403)
(399, 0.00017670000670477748)
(400, 0.00017939996905624866)
(401, 0.00017710000975057483)
(402, 0.0002139000571332872)
(403, 0.00017670000670477748)
(404, 0.00017969997134059668)
(405, 0.00017710000975057483)
(406, 0.00018350000027567148)
(407, 0.00021539995213970542)
(408, 0.00017909996677190065)
(409, 0.00017670000670477748)
(410, 0.00018010003259405494)
(411, 0.00017720001051202416)
(412, 0.0002172000240534544)
(413, 0.0001773000112734735)
(414, 0.00017959997057914734)
(415, 0.00017670000670477748)
(416, 0.00017960002878680825)
(417, 0.0002442999975755811)
(418, 0.00021280004875734448)
(419, 0.00017709995154291391)
(420, 0.00017959997057914734)
(421, 0.00017740001203492284)
(422, 0.0002169000217691064)
(423, 0.00017710000975057483)
(424, 0.00021309999283403158)
(425, 0.00017820001812651753)
(426, 0.00021889997879043221)
(427, 0.00025429995730519295)
(428, 0.00023880001390352845)
(429, 0.00017870002193376422)
(430, 0.00017990003107115626)
(431, 0.00017630000365898013)
(432, 0.00021440000273287296)
(433, 0.0001776000135578215)
(434, 0.0001799999736249447)
(435, 0.00017709995154291391)
(436, 0.00017969997134059668)
(437, 0.00022300001000985503)
(438, 0.0001797000295482576)
(439, 0.0001776000135578215)
(440, 0.0001805999781936407)
(441, 0.0001773000112734735)
(442, 0.00018050003563985229)
(443, 0.00017660000594332814)
(444, 0.00018239999189972878)
(445, 0.00017680000746622682)
(446, 0.00017990003107115626)
(447, 0.00020079995738342404)
(448, 0.00018009997438639402)
(449, 0.00017660000594332814)
(450, 0.0001797000295482576)
(451, 0.00017690000822767615)
(452, 0.00017960002878680825)
(453, 0.0001765000051818788)
(454, 0.00017959997057914734)
(455, 0.00017579999985173345)
(456, 0.00017919996753335)
(457, 0.00017630000365898013)
(458, 0.00021520000882446766)
(459, 0.0001773000112734735)
(460, 0.00017950002802535892)
(461, 0.0001770000089891255)
(462, 0.00017959997057914734)
(463, 0.00021500000730156898)
(464, 0.00017940002726390958)
(465, 0.00017640000442042947)
(466, 0.0001792000257410109)
(467, 0.00017660000594332814)
(468, 0.00020110001787543297)
(469, 0.00023090001195669174)
(470, 0.00018119998276233673)
(471, 0.00017660000594332814)
(472, 0.00017880002269521356)
(473, 0.00019950000569224358)
(474, 0.00019400002202019095)
(475, 0.0001765000051818788)
(476, 0.00017919996753335)
(477, 0.00017689995002001524)
(478, 0.00020509999012574553)
(479, 0.0002277999883517623)
(480, 0.00021399999968707561)
(481, 0.00017670000670477748)
(482, 0.00017860002117231488)
(483, 0.00021160003961995244)
(484, 0.00017859996296465397)
(485, 0.00017699995078146458)
(486, 0.00017859996296465397)
(487, 0.00017610000213608146)
(488, 0.0001792000257410109)
(489, 0.00028470001416280866)
(490, 0.00027190003311261535)
(491, 0.00022559997159987688)
(492, 0.00017930002650246024)
(493, 0.00021279999054968357)
(494, 0.0001784000196494162)
(495, 0.0001765000051818788)
(496, 0.00017900002421811223)
(497, 0.00017640000442042947)
(498, 0.00021440000273287296)
(499, 0.0001765000051818788)
(500, 0.00017910002497956157)
(501, 0.00017600000137463212)
(502, 0.00018370000179857016)
(503, 0.0002164000179618597)
(504, 0.00017910002497956157)
(505, 0.00017670000670477748)
(506, 0.00017909996677190065)
(507, 0.0001762000028975308)
(508, 0.00021359999664127827)
(509, 0.00021279999054968357)
(510, 0.00017940002726390958)
(511, 0.00017610000213608146)
(512, 0.00017909996677190065)
(513, 0.00022419996093958616)
(514, 0.00018070003716275096)
(515, 0.0001765000051818788)
(516, 0.00017909996677190065)
(517, 0.00017629994545131922)
(518, 0.0002315999590791762)
(519, 0.00021189998369663954)
(520, 0.0001792000257410109)
(521, 0.00017660000594332814)
(522, 0.00017929996829479933)
(523, 0.00021470000501722097)
(524, 0.00017930002650246024)
(525, 0.00017710000975057483)
(526, 0.00017960002878680825)
(527, 0.0001765000051818788)
(528, 0.0001996000064536929)
(529, 0.000229199999012053)
(530, 0.00021349999587982893)
(531, 0.0001765000051818788)
(532, 0.00017950002802535892)
(533, 0.00021819997346028686)
(534, 0.00017939996905624866)
(535, 0.00017670000670477748)
(536, 0.00017940002726390958)
(537, 0.00017690000822767615)
(538, 0.0001802999759092927)
(539, 0.00017709995154291391)
(540, 0.00017989997286349535)
(541, 0.0001773000112734735)
(542, 0.00017990003107115626)
(543, 0.00017670000670477748)
(544, 0.00021490000654011965)
(545, 0.00019370001973584294)
(546, 0.00018440000712871552)
(547, 0.00018209998961538076)
(548, 0.00018430000636726618)
(549, 0.00018209998961538076)
(550, 0.00018440000712871552)
(551, 0.00019160000374540687)
(552, 0.00017950002802535892)
(553, 0.00017740001203492284)
(554, 0.00021470000501722097)
(555, 0.0001773000112734735)
(556, 0.0001802999759092927)
(557, 0.00017739995382726192)
(558, 0.00017939996905624866)
(559, 0.0001797000295482576)
(560, 0.000179499969817698)
(561, 0.0001770000089891255)
(562, 0.000179499969817698)
(563, 0.0001770000089891255)
(564, 0.0001784000196494162)
(565, 0.00021430000197142363)
(566, 0.00017980003030970693)
(567, 0.0001773000112734735)
(568, 0.00018019997514784336)
(569, 0.0001775999553501606)
(570, 0.00026430003345012665)
(571, 0.0001941000227816403)
(572, 0.00018430000636726618)
(573, 0.00018209998961538076)
(574, 0.00018440000712871552)
(575, 0.00018179998733103275)
(576, 0.00018560001626610756)
(577, 0.00019260001135990024)
(578, 0.00017860002117231488)
(579, 0.00017680000746622682)
(580, 0.00020940002286806703)
(581, 0.00023629999486729503)
(582, 0.00019559997599571943)
(583, 0.0001772999530658126)
(584, 0.0001802999759092927)
(585, 0.00021580001339316368)
(586, 0.00017989997286349535)
(587, 0.00017630000365898013)
(588, 0.00018020003335550427)
(589, 0.0001781000173650682)
(590, 0.0002245999639853835)
(591, 0.0001772999530658126)
(592, 0.00017960002878680825)
(593, 0.00017690000822767615)
(594, 0.0002133999951183796)
(595, 0.00019240000983700156)
(596, 0.00017969997134059668)
(597, 0.00017680000746622682)
(598, 0.000179499969817698)
(599, 0.00017710000975057483)
(600, 0.0002136999974027276)
(601, 0.00017600000137463212)
(602, 0.00017989997286349535)
(603, 0.00017670000670477748)
(604, 0.00017860002117231488)
(605, 0.00021119997836649418)
(606, 0.00017900002421811223)
(607, 0.00017640000442042947)
(608, 0.00017910002497956157)
(609, 0.0001765000051818788)
(610, 0.00020830001449212432)
(611, 0.00019200000679120421)
(612, 0.0001792000257410109)
(613, 0.0001773000112734735)
(614, 0.00017919996753335)
(615, 0.00017610000213608146)
(616, 0.00021620001643896103)
(617, 0.0001765000051818788)
(618, 0.00019670004257932305)
(619, 0.0001813999842852354)
(620, 0.00018289999570697546)
(621, 0.00018170004477724433)
(622, 0.00018339999951422215)
(623, 0.00018069997895509005)
(624, 0.00018390000332146883)
(625, 0.00018039997667074203)
(626, 0.0001841000048443675)
(627, 0.00018049997743219137)
(628, 0.0001843999489210546)
(629, 0.00018129998352378607)
(630, 0.0001841000048443675)
(631, 0.0001818999880924821)
(632, 0.00018450000789016485)
(633, 0.000181900046300143)
(634, 0.0001838000025600195)
(635, 0.00018079997971653938)
(636, 0.00018560001626610756)
(637, 0.00018140004249289632)
(638, 0.00018470000941306353)
(639, 0.00019190000602975488)
(640, 0.00017929996829479933)
(641, 0.00017630000365898013)
(642, 0.00021399999968707561)
(643, 0.00017670000670477748)
(644, 0.00019749999046325684)
(645, 0.00018209998961538076)
(646, 0.00018360000103712082)
(647, 0.00018220004858449101)
(648, 0.0001832999987527728)
(649, 0.00018119998276233673)
(650, 0.00018339999951422215)
(651, 0.000181600044015795)
(652, 0.00018470000941306353)
(653, 0.00018239999189972878)
(654, 0.00018430000636726618)
(655, 0.00018089998047798872)
(656, 0.00018309999722987413)
(657, 0.00018149998504668474)
(658, 0.0001838000025600195)
(659, 0.00018079997971653938)
(660, 0.0001824999926611781)
(661, 0.00018149998504668474)
(662, 0.0001832999987527728)
(663, 0.0001811000402085483)
(664, 0.00018360000103712082)
(665, 0.00018099998123943806)
(666, 0.00018350000027567148)
(667, 0.00018269999418407679)
(668, 0.00019509997218847275)
(669, 0.0001818999880924821)
(670, 0.00018360000103712082)
(671, 0.0001840999466367066)
(672, 0.00018389994511380792)
(673, 0.0001821999903768301)
(674, 0.00018390000332146883)
(675, 0.00018149998504668474)
(676, 0.0001832999987527728)
(677, 0.0001818999880924821)
(678, 0.00018450000789016485)
(679, 0.0001805999781936407)
(680, 0.00018260005163028836)
(681, 0.00018159998580813408)
(682, 0.00018339999951422215)
(683, 0.0001808000379242003)
(684, 0.00018339999951422215)
(685, 0.00018209998961538076)
(686, 0.00018350000027567148)
(687, 0.00018099998123943806)
(688, 0.00018269999418407679)
(689, 0.00018129998352378607)
(690, 0.00018239999189972878)
(691, 0.00018159998580813408)
(692, 0.00018390000332146883)
(693, 0.00018089998047798872)
(694, 0.00018419994739815593)
(695, 0.00018009997438639402)
(696, 0.0001832999987527728)
(697, 0.00018090003868564963)
(698, 0.00018269999418407679)
(699, 0.0001810999820008874)
(700, 0.0001832999987527728)
(701, 0.00018079997971653938)
(702, 0.00018309999722987413)
(703, 0.00018100003944709897)
(704, 0.00018269999418407679)
(705, 0.00018179998733103275)
(706, 0.0001824000501073897)
(707, 0.00017989997286349535)
(708, 0.0001824999926611781)
(709, 0.00017959997057914734)
(710, 0.0001838000025600195)
(711, 0.00018130004173144698)
(712, 0.0001824999926611781)
(713, 0.00018009997438639402)
(714, 0.00018289999570697546)
(715, 0.00018159998580813408)
(716, 0.00018360000103712082)
(717, 0.00018020003335550427)
(718, 0.00018229999113827944)
(719, 0.0001802999759092927)
(720, 0.00018269999418407679)
(721, 0.00017939996905624866)
(722, 0.00018260005163028836)
(723, 0.00018019997514784336)
(724, 0.0001821999903768301)
(725, 0.000179499969817698)
(726, 0.00018339999951422215)
(727, 0.0001789000234566629)
(728, 0.00018199998885393143)
(729, 0.00017960002878680825)
(730, 0.0001821999903768301)
(731, 0.00018040003487840295)
(732, 0.00018149998504668474)
(733, 0.00018040003487840295)
(734, 0.00018149998504668474)
(735, 0.00018010003259405494)
(736, 0.00018229999113827944)
(737, 0.00018019997514784336)
(738, 0.00018290005391463637)
(739, 0.00017909996677190065)
(740, 0.00018170004477724433)
(741, 0.00017929996829479933)
(742, 0.00018259999342262745)
(743, 0.00017899996601045132)
(744, 0.00018149998504668474)
(745, 0.00017959997057914734)
(746, 0.0001810999820008874)
(747, 0.00018829997861757874)
(748, 0.0001827000523917377)
(749, 0.0001799999736249447)
(750, 0.00018100003944709897)
(751, 0.00017889996524900198)
(752, 0.00018290005391463637)
(753, 0.00017919996753335)
(754, 0.0001811000402085483)
(755, 0.00017909996677190065)
(756, 0.00018119998276233673)
(757, 0.00017959997057914734)
(758, 0.00018239999189972878)
(759, 0.00017969997134059668)
(760, 0.00018119998276233673)
(761, 0.0001792000257410109)
(762, 0.00018099998123943806)
(763, 0.00018060003640130162)
(764, 0.0001821999903768301)
(765, 0.00017989997286349535)
(766, 0.00018179998733103275)
(767, 0.00017969997134059668)
(768, 0.00018239999189972878)
(769, 0.00017929996829479933)
(770, 0.00018179998733103275)
(771, 0.00018069997895509005)
(772, 0.0001811000402085483)
(773, 0.000179499969817698)
(774, 0.0001813999842852354)
(775, 0.00017930002650246024)
(776, 0.00018159998580813408)
(777, 0.00017939996905624866)
(778, 0.0001810999820008874)
(779, 0.00018119998276233673)
(780, 0.00018280005315318704)
(781, 0.00018049997743219137)
(782, 0.00018159998580813408)
(783, 0.000179799972102046)
(784, 0.00018339999951422215)
(785, 0.00018020003335550427)
(786, 0.00018179998733103275)
(787, 0.0001803000341169536)
(788, 0.0001818999880924821)
(789, 0.0001797000295482576)
(790, 0.00018309999722987413)
(791, 0.00017969997134059668)
(792, 0.0001821999903768301)
(793, 0.00018009997438639402)
(794, 0.000181900046300143)
(795, 0.00018049997743219137)
(796, 0.00018259999342262745)
(797, 0.00018070003716275096)
(798, 0.00018169998656958342)
(799, 0.0001800000318326056)
(800, 0.0001821999903768301)
(801, 0.00018090003868564963)
(802, 0.00018149998504668474)
(803, 0.00018050003563985229)
(804, 0.00018179998733103275)
(805, 0.0001802999759092927)
(806, 0.00018289999570697546)
(807, 0.00018039997667074203)
(808, 0.00018220004858449101)
(809, 0.00017989997286349535)
(810, 0.00018229999113827944)
(811, 0.00018079997971653938)
(812, 0.00018229999113827944)
(813, 0.00018090003868564963)
(814, 0.0001824999926611781)
(815, 0.00018020003335550427)
(816, 0.00018259999342262745)
(817, 0.00018069997895509005)
(818, 0.000181900046300143)
(819, 0.00017989997286349535)
(820, 0.00018220004858449101)
(821, 0.0001802999759092927)
(822, 0.0001821999903768301)
(823, 0.0001799999736249447)
(824, 0.00018179998733103275)
(825, 0.0001799999736249447)
(826, 0.0001821999903768301)
(827, 0.00018939998699352145)
(828, 0.0001821999903768301)
(829, 0.00018050003563985229)
(830, 0.00018179998733103275)
(831, 0.00017980003030970693)
(832, 0.00018269999418407679)
(833, 0.00018009997438639402)
(834, 0.000181900046300143)
(835, 0.000179799972102046)
(836, 0.00018180004553869367)
(837, 0.00018089998047798872)
(838, 0.00018209998961538076)
(839, 0.00017989997286349535)
(840, 0.00018149998504668474)
(841, 0.0001797000295482576)
(842, 0.0001810999820008874)
(843, 0.00018099998123943806)
(844, 0.00018209998961538076)
(845, 0.00018020003335550427)
(846, 0.0001996000064536929)
(847, 0.00018450000789016485)
(848, 0.00018779997481033206)
(849, 0.00018440000712871552)
(850, 0.00020060001406818628)
(851, 0.0001797000295482576)
(852, 0.00018169998656958342)
(853, 0.0002115000388585031)
(854, 0.00019109999993816018)
(855, 0.00018179998733103275)
(856, 0.00018199998885393143)
(857, 0.00018009997438639402)
(858, 0.00018289999570697546)
(859, 0.00018020003335550427)
(860, 0.0001824999926611781)
(861, 0.00018079997971653938)
(862, 0.0001813999842852354)
(863, 0.00018039997667074203)
(864, 0.00018230004934594035)
(865, 0.00017969997134059668)
(866, 0.00018230004934594035)
(867, 0.00017939996905624866)
(868, 0.00018209998961538076)
(869, 0.0001810999820008874)
(870, 0.0001813999842852354)
(871, 0.00017950002802535892)
(872, 0.00018159998580813408)
(873, 0.00018060003640130162)
(874, 0.0001821999903768301)
(875, 0.00017990003107115626)
(876, 0.00018269999418407679)
(877, 0.0001797000295482576)
(878, 0.00018229999113827944)
(879, 0.0001799999736249447)
(880, 0.00018289999570697546)
(881, 0.00017989997286349535)
(882, 0.00018230004934594035)
(883, 0.0001799999736249447)
(884, 0.00018180004553869367)
(885, 0.0001805999781936407)
(886, 0.00018209998961538076)
(887, 0.0001799999736249447)
(888, 0.00018229999113827944)
(889, 0.00017969997134059668)
(890, 0.00018259999342262745)
(891, 0.00017990003107115626)
(892, 0.0001821999903768301)
(893, 0.00018040003487840295)
(894, 0.00018199998885393143)
(895, 0.00018020003335550427)
(896, 0.0001821999903768301)
(897, 0.00018009997438639402)
(898, 0.00018259999342262745)
(899, 0.00018039997667074203)
(900, 0.00018220004858449101)
(901, 0.0001805999781936407)
(902, 0.00018229999113827944)
(903, 0.00018130004173144698)
(904, 0.00018239999189972878)
(905, 0.00018039997667074203)
(906, 0.0001838000025600195)
(907, 0.00018239999189972878)
(908, 0.0001852000132203102)
(909, 0.00018179998733103275)
(910, 0.00018440000712871552)
(911, 0.00019459996838122606)
(912, 0.00018759997328743339)
(913, 0.00018370000179857016)
(914, 0.0001860000193119049)
(915, 0.0001810999820008874)
(916, 0.00018620002083480358)
(917, 0.0001954999752342701)
(918, 0.0001941000227816403)
(919, 0.00019749999046325684)
(920, 0.00018470000941306353)
(921, 0.00018269999418407679)
(922, 0.00018350000027567148)
(923, 0.00018350000027567148)
(924, 0.00018319999799132347)
(925, 0.0001805999781936407)
(926, 0.00018259999342262745)
(927, 0.0001813999842852354)
(928, 0.00018229999113827944)
(929, 0.00018010003259405494)
(930, 0.00018179998733103275)
(931, 0.00017980003030970693)
(932, 0.00018669996643438935)
(933, 0.00018060003640130162)
(934, 0.00019649998284876347)
(935, 0.00018420000560581684)
(936, 0.0001857000170275569)
(937, 0.00018450000789016485)
(938, 0.00018690002616494894)
(939, 0.00018420000560581684)
(940, 0.00019729998894035816)
(941, 0.0001797000295482576)
(942, 0.0001824999926611781)
(943, 0.0002028000308200717)
(944, 0.0001894999877549708)
(945, 0.00018309999722987413)
(946, 0.00018620002083480358)
(947, 0.0001867999671958387)
(948, 0.00018780003301799297)
(949, 0.0002618000144138932)
(950, 0.00022980000358074903)
(951, 0.00017289997776970267)
(952, 0.00021500000730156898)
(953, 0.00017290003597736359)
(954, 0.00017479999223724008)
(955, 0.0001724000321701169)
(956, 0.0001756999990902841)
(957, 0.0001734999823383987)
(958, 0.00017370004206895828)
(959, 0.00017139996634796262)
(960, 0.00017409998690709472)
(961, 0.00017149996710941195)
(962, 0.00019950000569224358)
(963, 0.00018759997328743339)
(964, 0.00017390004359185696)
(965, 0.00017199997091665864)
(966, 0.00017390004359185696)
(967, 0.00017179996939375997)
(968, 0.00020949996542185545)
(969, 0.00017170002683997154)
(970, 0.00017339998157694936)
(971, 0.00017209997167810798)
(972, 0.0001734999823383987)
(973, 0.00020929996389895678)
(974, 0.00017309997929260135)
(975, 0.00017140002455562353)
(976, 0.00017399998614564538)
(977, 0.00017030001617968082)
(978, 0.00017330003902316093)
(979, 0.00020439998479560018)
(980, 0.00017289997776970267)
(981, 0.0001710999640636146)
(982, 0.00017289997776970267)
(983, 0.00017120002303272486)
(984, 0.0002106999745592475)
(985, 0.00017049995949491858)
(986, 0.0001732000382617116)
(987, 0.00017090002074837685)
(988, 0.00017279997700825334)
(989, 0.0002503000432625413)
(990, 0.00020859995856881142)
(991, 0.00017119996482506394)
(992, 0.00017340003978461027)
(993, 0.00017110002227127552)
(994, 0.00019669998437166214)
(995, 0.00018510001245886087)
(996, 0.00017250003293156624)
(997, 0.00017099996330216527)
(998, 0.00017319998005405068)
(999, 0.00017030001617968082)
(1000, 0.00021189998369663954)
(1001, 0.00020589999621734023)
(1002, 0.0001737999846227467)
(1003, 0.00020489998860284686)
(1004, 0.00017319998005405068)
(1005, 0.0002193999825976789)
(1006, 0.00017289997776970267)
(1007, 0.00017040001694113016)
(1008, 0.00017289997776970267)
(1009, 0.00017089996254071593)
(1010, 0.00017330003902316093)
(1011, 0.00017040001694113016)
(1012, 0.00017209997167810798)
(1013, 0.0001708000199869275)
(1014, 0.00017559999832883477)
(1015, 0.00017150002531707287)
(1016, 0.0002115000388585031)
(1017, 0.00017119996482506394)
(1018, 0.000172999978531152)
(1019, 0.0001708000199869275)
(1020, 0.00017339998157694936)
(1021, 0.00017100002150982618)
(1022, 0.00017300003673881292)
(1023, 0.00017040001694113016)
(1024, 0.00017259997548535466)
(1025, 0.0001705000177025795)
(1026, 0.00017250003293156624)
(1027, 0.00020889996085315943)
(1028, 0.000172999978531152)
(1029, 0.00017060001846402884)
(1030, 0.00017279997700825334)
(1031, 0.00017089996254071593)
(1032, 0.00020699994638562202)
(1033, 0.00017120002303272486)
(1034, 0.00017310003750026226)
(1035, 0.00020619999850168824)
(1036, 0.00017339998157694936)
(1037, 0.00022440002067014575)
(1038, 0.0001914000022225082)
(1039, 0.00017179996939375997)
(1040, 0.00017340003978461027)
(1041, 0.0001707999617792666)
(1042, 0.0002313999575562775)
(1043, 0.00021989998640492558)
(1044, 0.00017249997472390532)
(1045, 0.00017099996330216527)
(1046, 0.00017290003597736359)
(1047, 0.00020519999088719487)
(1048, 0.00017290003597736359)
(1049, 0.00017060001846402884)
(1050, 0.0001737999846227467)
(1051, 0.00017110002227127552)
(1052, 0.00017289997776970267)
(1053, 0.0002095999661833048)
(1054, 0.0001922000083141029)
(1055, 0.00017340003978461027)
(1056, 0.000208500016015023)
(1057, 0.0001715999678708613)
(1058, 0.00017289997776970267)
(1059, 0.0001708000199869275)
(1060, 0.00017229997320100665)
(1061, 0.0001715999678708613)
(1062, 0.00017310003750026226)
(1063, 0.0001990000018849969)
(1064, 0.0002443999983370304)
(1065, 0.00017280003521591425)
(1066, 0.00017389998538419604)
(1067, 0.00017120002303272486)
(1068, 0.0001973999897018075)
(1069, 0.0001832999987527728)
(1070, 0.00018620002083480358)
(1071, 0.00018309999722987413)
(1072, 0.00021039997227489948)
(1073, 0.00018589996034279466)
(1074, 0.0001829999964684248)
(1075, 0.00018010003259405494)
(1076, 0.00018370000179857016)
(1077, 0.00018049997743219137)
(1078, 0.00019869999960064888)
(1079, 0.0001954999752342701)
(1080, 0.00019809999503195286)
(1081, 0.0001976999919861555)
(1082, 0.00019719998817890882)
(1083, 0.0001970999874174595)
(1084, 0.0001971000456251204)
(1085, 0.0002003999543376267)
(1086, 0.00019780005095526576)
(1087, 0.00019459996838122606)
(1088, 0.00021279999054968357)
(1089, 0.00019540003268048167)
(1090, 0.0001962999813258648)
(1091, 0.00019730004714801908)
(1092, 0.0001998000079765916)
(1093, 0.0002565999748185277)
(1094, 0.0002544000162743032)
(1095, 0.00020080001559108496)
(1096, 0.00020359997870400548)
(1097, 0.00021159998141229153)
(1098, 0.00018580001778900623)
(1099, 0.00018099998123943806)
(1100, 0.0001832999987527728)
(1101, 0.00018169998656958342)
(1102, 0.00022829999215900898)
(1103, 0.0001960000372491777)
(1104, 0.00018729997100308537)
(1105, 0.00018590001855045557)
(1106, 0.0002615000121295452)
(1107, 0.00028229999588802457)
(1108, 0.00017710000975057483)
(1109, 0.00017600000137463212)
(1110, 0.00017739995382726192)
(1111, 0.00021180004114285111)
(1112, 0.0002402999671176076)
(1113, 0.0001824999926611781)
(1114, 0.00018269999418407679)
(1115, 0.00018710002768784761)
(1116, 0.00018809997709468007)
(1117, 0.000208800018299371)
(1118, 0.0002046999870799482)
(1119, 0.00018149998504668474)
(1120, 0.0001838000025600195)
(1121, 0.0003063000040128827)
(1122, 0.00026569998590275645)
(1123, 0.0002736999886110425)
(1124, 0.00019789999350905418)
(1125, 0.00018530001398175955)
(1126, 0.00018609996186569333)
(1127, 0.00018480001017451286)
(1128, 0.00018430000636726618)
(1129, 0.0001908999984152615)
(1130, 0.00020860001677647233)
(1131, 0.00019430002430453897)
(1132, 0.00018969998927786946)
(1133, 0.00018649996491149068)
(1134, 0.00019599997904151678)
(1135, 0.00019789999350905418)
(1136, 0.00018430000636726618)
(1137, 0.00018159998580813408)
(1138, 0.00018279999494552612)
(1139, 0.00019759999122470617)
(1140, 0.00019370001973584294)
(1141, 0.00019150000298395753)
(1142, 0.00019099999917671084)
(1143, 0.00039409997407346964)
(1144, 0.00027870002668350935)
(1145, 0.0002533000078983605)
(1146, 0.0001829999964684248)
(1147, 0.00018850003834813833)
(1148, 0.00018539995653554797)
(1149, 0.00018450000789016485)
(1150, 0.00019400002202019095)
(1151, 0.00018799997633323073)
(1152, 0.0001944000250659883)
(1153, 0.00018540001474320889)
(1154, 0.0001970999874174595)
(1155, 0.0001829999964684248)
(1156, 0.00018269999418407679)
(1157, 0.00018670002464205027)
(1158, 0.00018500001169741154)
(1159, 0.0001832999987527728)
(1160, 0.00018470000941306353)
(1161, 0.00018169998656958342)
(1162, 0.0001879000337794423)
(1163, 0.00018420000560581684)
(1164, 0.0001821999903768301)
(1165, 0.0001805999781936407)
(1166, 0.0001821999903768301)
(1167, 0.00018049997743219137)
(1168, 0.00027760001830756664)
(1169, 0.0003005000180564821)
(1170, 0.0003111999831162393)
(1171, 0.0002840000088326633)
(1172, 0.0002994999522343278)
(1173, 0.0002951999776996672)
(1174, 0.00030909996712580323)
(1175, 0.000291000003926456)
(1176, 0.00028390000807121396)
(1177, 0.000291600008495152)
(1178, 0.00040739995893090963)
(1179, 0.0007162000401876867)
(1180, 0.00041859998600557446)
(1181, 0.0004050999996252358)
(1182, 0.00036429997999221087)
(1183, 0.0003541000187397003)
(1184, 0.00033959996653720737)
(1185, 0.00019069999689236283)
(1186, 0.0002617000136524439)
(1187, 0.00037650001468136907)
(1188, 0.00047930004075169563)
(1189, 0.0003239000216126442)
(1190, 0.0005980999558232725)
(1191, 0.00019789999350905418)
(1192, 0.00019340001745149493)
(1193, 0.00022869999520480633)
(1194, 0.00018269999418407679)
(1195, 0.00018069997895509005)
(1196, 0.00018179998733103275)
(1197, 0.00018010003259405494)
(1198, 0.00018799997633323073)
(1199, 0.00018200004706159234)
(1200, 0.00018350000027567148)
(1201, 0.00018470000941306353)
(1202, 0.0001943999668583274)
(1203, 0.0001900999923236668)
(1204, 0.00018970004748553038)
(1205, 0.00018149998504668474)
(1206, 0.00018279999494552612)
(1207, 0.0001800000318326056)
(1208, 0.00018839997937902808)
(1209, 0.0001908999984152615)
(1210, 0.00019069999689236283)
(1211, 0.000186299963388592)
(1212, 0.00047560001257807016)
(1213, 0.00029090000316500664)
(1214, 0.00019400002202019095)
(1215, 0.00018480001017451286)
(1216, 0.00019019999308511615)
(1217, 0.0002133999951183796)
(1218, 0.00018440000712871552)
(1219, 0.0001852000132203102)
(1220, 0.0001867999671958387)
(1221, 0.00018929998623207211)
(1222, 0.0001829999964684248)
(1223, 0.0001802999759092927)
(1224, 0.00018420000560581684)
(1225, 0.00018839997937902808)
(1226, 0.00018990004900842905)
(1227, 0.00018179998733103275)
(1228, 0.0001821999903768301)
(1229, 0.0001818999880924821)
(1230, 0.00018420000560581684)
(1231, 0.00018309999722987413)
(1232, 0.00018339999951422215)
(1233, 0.00017910002497956157)
(1234, 0.0001813999842852354)
(1235, 0.0001789000234566629)
(1236, 0.00018119998276233673)
(1237, 0.00018220004858449101)
(1238, 0.00018569995881989598)
(1239, 0.00017960002878680825)
(1240, 0.00018640002235770226)
(1241, 0.0001846999512054026)
(1242, 0.000192799954675138)
(1243, 0.00020080001559108496)
(1244, 0.00018289999570697546)
(1245, 0.00017969997134059668)
(1246, 0.00018230004934594035)
(1247, 0.00018559995805844665)
(1248, 0.00018770003225654364)
(1249, 0.00018350000027567148)
(1250, 0.0002413999754935503)
(1251, 0.00021050003124400973)
(1252, 0.00034389999927952886)
(1253, 0.0006083999760448933)
(1254, 0.0002066000015474856)
(1255, 0.00018149998504668474)
(1256, 0.0001928000128827989)
(1257, 0.00018809997709468007)
(1258, 0.000201700022444129)
(1259, 0.00020900001982226968)
(1260, 0.00023749994579702616)
(1261, 0.0003513999981805682)
(1262, 0.0003801999846473336)
(1263, 0.0002587999915704131)
(1264, 0.00033190002432093024)
(1265, 0.00022039999021217227)
(1266, 0.00019029999384656549)
(1267, 0.00018879998242482543)
(1268, 0.0001849000109359622)
(1269, 0.00019049999536946416)
(1270, 0.00018829997861757874)
(1271, 0.00018120004096999764)
(1272, 0.00018319999799132347)
(1273, 0.00018149998504668474)
(1274, 0.00018430000636726618)
(1275, 0.00020070001482963562)
(1276, 0.00036390003515407443)
(1277, 0.00023419997887685895)
(1278, 0.0001873000292107463)
(1279, 0.00018610002007335424)
(1280, 0.00018569995881989598)
(1281, 0.00018530001398175955)
(1282, 0.00018239999189972878)
(1283, 0.00018020003335550427)
(1284, 0.00018799997633323073)
(1285, 0.00018890004139393568)
(1286, 0.00018759997328743339)
(1287, 0.00018480001017451286)
(1288, 0.0002668999950401485)
(1289, 0.00044680002611130476)
(1290, 0.00019509997218847275)
(1291, 0.0001868000254034996)
(1292, 0.00019290001364424825)
(1293, 0.0001818999880924821)
(1294, 0.00018960004672408104)
(1295, 0.0001838000025600195)
(1296, 0.00019210000755265355)
(1297, 0.0001870999694801867)
(1298, 0.00021670002024620771)
(1299, 0.00018129998352378607)
(1300, 0.00018229999113827944)
(1301, 0.00018040003487840295)
(1302, 0.00018400000408291817)
(1303, 0.0001873999717645347)
(1304, 0.00018339999951422215)
(1305, 0.00018290005391463637)
(1306, 0.00018289999570697546)
(1307, 0.0001805999781936407)
(1308, 0.00018580001778900623)
(1309, 0.00018049997743219137)
(1310, 0.00018259999342262745)
(1311, 0.000179499969817698)
(1312, 0.00018209998961538076)
(1313, 0.00018350000027567148)
(1314, 0.00018339999951422215)
(1315, 0.00018169998656958342)
(1316, 0.00018450000789016485)
(1317, 0.00018590001855045557)
(1318, 0.00018999999156221747)
(1319, 0.00018910004291683435)
(1320, 0.0001848999527283013)
(1321, 0.00018069997895509005)
(1322, 0.00018530001398175955)
(1323, 0.00018089998047798872)
(1324, 0.0001868000254034996)
(1325, 0.00018689996795728803)
(1326, 0.00018710002768784761)
(1327, 0.00022659997921437025)
(1328, 0.00023669999791309237)
(1329, 0.0006362999556586146)
(1330, 0.00025589996948838234)
(1331, 0.00019210000755265355)
(1332, 0.0001838000025600195)
(1333, 0.00018989999080076814)
(1334, 0.00019990000873804092)
(1335, 0.0002482000272721052)
(1336, 0.0003402000293135643)
(1337, 0.00040250003803521395)
(1338, 0.0003386000171303749)
(1339, 0.00030130002414807677)
(1340, 0.0002639000304043293)
(1341, 0.00019120000069960952)
(1342, 0.0001851999550126493)
(1343, 0.00018360000103712082)
(1344, 0.00018360000103712082)
(1345, 0.000186299963388592)
(1346, 0.00019760004943236709)
(1347, 0.00018370000179857016)
(1348, 0.00018309999722987413)
(1349, 0.00018079997971653938)
(1350, 0.0001829999964684248)
(1351, 0.00018370000179857016)
(1352, 0.00018800003454089165)
(1353, 0.00018989999080076814)
(1354, 0.00018350000027567148)
(1355, 0.00018590001855045557)
(1356, 0.00018480001017451286)
(1357, 0.00019039999460801482)
(1358, 0.0001838000025600195)
(1359, 0.00018060003640130162)
(1360, 0.0001894999877549708)
(1361, 0.0001922000083141029)
(1362, 0.0006564999930560589)
(1363, 0.00039950001519173384)
(1364, 0.0001925000105984509)
(1365, 0.00018209998961538076)
(1366, 0.00018319999799132347)
(1367, 0.00018729997100308537)
(1368, 0.0001917000045068562)
(1369, 0.00018670002464205027)
(1370, 0.00018719997024163604)
(1371, 0.00018119998276233673)
(1372, 0.0001824999926611781)
(1373, 0.0001832999987527728)
(1374, 0.00018269999418407679)
(1375, 0.00018559995805844665)
(1376, 0.0001829999964684248)
(1377, 0.00018170004477724433)
(1378, 0.00018229999113827944)
(1379, 0.00023399997735396028)
(1380, 0.00018370000179857016)
(1381, 0.00017980003030970693)
(1382, 0.00018199998885393143)
(1383, 0.00017940002726390958)
(1384, 0.00018620002083480358)
(1385, 0.00017989997286349535)
(1386, 0.0001821999903768301)
(1387, 0.0001802999759092927)
(1388, 0.00018229999113827944)
(1389, 0.00018390000332146883)
(1390, 0.00018210004782304168)
(1391, 0.00018049997743219137)
(1392, 0.00019109999993816018)
(1393, 0.0001846000086516142)
(1394, 0.00018910004291683435)
(1395, 0.0001843999489210546)
(1396, 0.00018239999189972878)
(1397, 0.00018069997895509005)
(1398, 0.00018279999494552612)
(1399, 0.00019430002430453897)
(1400, 0.00019380002049729228)
(1401, 0.000186299963388592)
(1402, 0.0002772000152617693)
(1403, 0.0002095999661833048)
(1404, 0.0008193000103347003)
(1405, 0.0002959000412374735)
(1406, 0.0002402999671176076)
(1407, 0.00020439998479560018)
(1408, 0.0002969999914057553)
(1409, 0.0004879999905824661)
(1410, 0.00036400003591552377)
(1411, 0.00023319997126236558)
(1412, 0.00026489997981116176)
(1413, 0.00029739999445155263)
(1414, 0.0001914000022225082)
(1415, 0.00018810003530234098)
(1416, 0.00018830003682523966)
(1417, 0.00018449994968250394)
(1418, 0.00018659996567294002)
(1419, 0.00018530001398175955)
(1420, 0.00018929998623207211)
(1421, 0.0001876000314950943)
(1422, 0.00018440000712871552)
(1423, 0.00018269999418407679)
(1424, 0.00018400000408291817)
(1425, 0.0001936000189743936)
(1426, 0.0001922999508678913)
(1427, 0.00018350000027567148)
(1428, 0.00019189994782209396)
(1429, 0.000181600044015795)
(1430, 0.00018919998547062278)
(1431, 0.00018180004553869367)
(1432, 0.00018279999494552612)
(1433, 0.0001878999755717814)
(1434, 0.00018710002768784761)
(1435, 0.00019880000036209822)
(1436, 0.00048690004041418433)
(1437, 0.0002334999735467136)
(1438, 0.00018670002464205027)
(1439, 0.00019069999689236283)
(1440, 0.0001832999987527728)
(1441, 0.000188400037586689)
(1442, 0.0001849000109359622)
(1443, 0.00018499995348975062)
(1444, 0.00020519999088719487)
(1445, 0.00019150000298395753)
(1446, 0.0001821999903768301)
(1447, 0.00018070003716275096)
(1448, 0.0001824999926611781)
(1449, 0.0001944000250659883)
(1450, 0.0001860000193119049)
(1451, 0.00018229999113827944)
(1452, 0.0001841000048443675)
(1453, 0.0001895000459626317)
(1454, 0.00018719997024163604)
(1455, 0.00018060003640130162)
(1456, 0.00018179998733103275)
(1457, 0.00018010003259405494)
(1458, 0.00018239999189972878)
(1459, 0.00018500001169741154)
(1460, 0.00027059996500611305)
(1461, 0.0002791999722830951)
(1462, 0.0002266999799758196)
(1463, 0.00019839999731630087)
(1464, 0.00021229998674243689)
(1465, 0.0002150999498553574)
(1466, 0.00021900003775954247)
(1467, 0.0002194000408053398)
(1468, 0.00021280004875734448)
(1469, 0.00021739996736869216)
(1470, 0.00020429998403415084)
(1471, 0.00020260002929717302)
(1472, 0.00022029998945072293)
(1473, 0.0002190999803133309)
(1474, 0.00018420000560581684)
(1475, 0.000298099999781698)
(1476, 0.0003458999563008547)
(1477, 0.0008770999847911298)
(1478, 0.0003281999961473048)
(1479, 0.0005440000095404685)
(1480, 0.0005256999866105616)
(1481, 0.0006218000198714435)
(1482, 0.0003250999725423753)
(1483, 0.00019650004105642438)
(1484, 0.0002028000308200717)
(1485, 0.0001851999550126493)
(1486, 0.0001829999964684248)
(1487, 0.00018079997971653938)
(1488, 0.0001867999671958387)
(1489, 0.00018859998090192676)
(1490, 0.000188700039871037)
(1491, 0.0001849000109359622)
(1492, 0.0001829999964684248)
(1493, 0.0001810999820008874)
(1494, 0.00018500001169741154)
(1495, 0.0002098999684676528)
(1496, 0.0001873999717645347)
(1497, 0.00019049999536946416)
(1498, 0.0001841000048443675)
(1499, 0.00018530001398175955)
(1500, 0.0001908999984152615)
(1501, 0.00018199998885393143)
(1502, 0.00018200004706159234)
(1503, 0.00018239999189972878)
(1504, 0.00018580001778900623)
(1505, 0.0001894999877549708)
(1506, 0.0001840999466367066)
(1507, 0.00024729996221140027)
(1508, 0.0003307999577373266)
(1509, 0.00020189996575936675)
(1510, 0.00019120000069960952)
(1511, 0.0001838000025600195)
(1512, 0.0001832999987527728)
(1513, 0.0002012000186368823)
(1514, 0.00018450000789016485)
(1515, 0.000186299963388592)
(1516, 0.0001879000337794423)
(1517, 0.0001805999781936407)
(1518, 0.00019829999655485153)
(1519, 0.0001905999961309135)
(1520, 0.00018569995881989598)
(1521, 0.00018390000332146883)
(1522, 0.0001829999964684248)
(1523, 0.00019489997066557407)
(1524, 0.00018610002007335424)
(1525, 0.0002169000217691064)
(1526, 0.00018720002844929695)
(1527, 0.0001849000109359622)
(1528, 0.00018499995348975062)
(1529, 0.00019159994553774595)
(1530, 0.0001838000025600195)
(1531, 0.00018089998047798872)
(1532, 0.00018350000027567148)
(1533, 0.00018850003834813833)
(1534, 0.0001998000079765916)
(1535, 0.00018610002007335424)
(1536, 0.00033489998895674944)
(1537, 0.0002709999680519104)
(1538, 0.0005901000113226473)
(1539, 0.00020969996694475412)
(1540, 0.00018529995577409863)
(1541, 0.00018060003640130162)
(1542, 0.00018179998733103275)
(1543, 0.0001824999926611781)
(1544, 0.00018200004706159234)
(1545, 0.00018079997971653938)
(1546, 0.0001832999987527728)
(1547, 0.00018060003640130162)
(1548, 0.00018239999189972878)
(1549, 0.0001810999820008874)
(1550, 0.00018440000712871552)
(1551, 0.0002528000040911138)
(1552, 0.00022570003056898713)
(1553, 0.00026080000679939985)
(1554, 0.0002986000035889447)
(1555, 0.00024209998082369566)
(1556, 0.0001832999987527728)
(1557, 0.00018049997743219137)
(1558, 0.00018149998504668474)
(1559, 0.0001810999820008874)
(1560, 0.00018140004249289632)
(1561, 0.00017939996905624866)
(1562, 0.000181900046300143)
(1563, 0.00018039997667074203)
(1564, 0.00018179998733103275)
(1565, 0.00018010003259405494)
(1566, 0.00018209998961538076)
(1567, 0.00017900002421811223)
(1568, 0.0001813999842852354)
(1569, 0.00018070003716275096)
(1570, 0.00018530001398175955)
(1571, 0.0001818999880924821)
(1572, 0.00018159998580813408)
(1573, 0.0001803000341169536)
(1574, 0.0001818999880924821)
(1575, 0.00018120004096999764)
(1576, 0.00018199998885393143)
(1577, 0.00018019997514784336)
(1578, 0.0001821999903768301)
(1579, 0.0001799999736249447)
(1580, 0.00018140004249289632)
(1581, 0.00017969997134059668)
(1582, 0.00018150004325434566)
(1583, 0.00017989997286349535)
(1584, 0.00018239999189972878)
(1585, 0.00018540001474320889)
(1586, 0.00018289999570697546)
(1587, 0.00017909996677190065)
(1588, 0.00018210004782304168)
(1589, 0.00017969997134059668)
(1590, 0.00018150004325434566)
(1591, 0.0001802999759092927)
(1592, 0.00018179998733103275)
(1593, 0.00017939996905624866)
(1594, 0.00018740002997219563)
(1595, 0.00017110002227127552)
(1596, 0.00021899997955188155)
(1597, 0.0001724000321701169)
(1598, 0.0001742999884299934)
(1599, 0.00017100002150982618)
(1600, 0.00017259997548535466)
(1601, 0.00019379996228963137)
(1602, 0.00018729997100308537)
(1603, 0.0001707999617792666)
(1604, 0.00017260003369301558)
(1605, 0.00017090002074837685)
(1606, 0.00017309997929260135)
(1607, 0.0001716000260785222)
(1608, 0.00020740000763908029)
(1609, 0.00017040001694113016)
(1610, 0.00017289997776970267)
(1611, 0.0001708000199869275)
(1612, 0.00021359999664127827)
(1613, 0.0001713000237941742)
(1614, 0.00017249997472390532)
(1615, 0.0001707999617792666)
(1616, 0.00017310003750026226)
(1617, 0.00017090002074837685)
(1618, 0.000172399973962456)
(1619, 0.00017070001922547817)
(1620, 0.00017249997472390532)
(1621, 0.00017049995949491858)
(1622, 0.00017220003064721823)
(1623, 0.00020910002058371902)
(1624, 0.000172699976246804)
(1625, 0.00017120002303272486)
(1626, 0.00017250003293156624)
(1627, 0.00017129996558651328)
(1628, 0.00017289997776970267)
(1629, 0.00022059999173507094)
(1630, 0.00017279997700825334)
(1631, 0.00017100002150982618)
(1632, 0.00017260003369301558)
(1633, 0.00017060001846402884)
(1634, 0.00021109997760504484)
(1635, 0.0001705000177025795)
(1636, 0.00020940002286806703)
(1637, 0.00019950000569224358)
(1638, 0.00019300001440569758)
(1639, 0.00018719997024163604)
(1640, 0.00017670000670477748)
(1641, 0.0002395000192336738)
(1642, 0.000312299991492182)
(1643, 0.00036669999826699495)
(1644, 0.00017519999528303742)
(1645, 0.00017439998919144273)
(1646, 0.0001734999823383987)
(1647, 0.00020640000002458692)
(1648, 0.0001743000466376543)
(1649, 0.00017149996710941195)
(1650, 0.00017260003369301558)
(1651, 0.0001713000237941742)
(1652, 0.00019599997904151678)
(1653, 0.0002240000176243484)
(1654, 0.00017319998005405068)
(1655, 0.0001710999640636146)
(1656, 0.00017250003293156624)
(1657, 0.0001708000199869275)
(1658, 0.00017359998309984803)
(1659, 0.00017180002760142088)
(1660, 0.000172999978531152)
(1661, 0.00017150002531707287)
(1662, 0.00017330003902316093)
(1663, 0.00019569997675716877)
(1664, 0.0002686000079847872)
(1665, 0.00017190002836287022)
(1666, 0.00017300003673881292)
(1667, 0.00017119996482506394)
(1668, 0.00017380004283040762)
(1669, 0.00017149996710941195)
(1670, 0.00017279997700825334)
(1671, 0.00017120002303272486)
(1672, 0.00017279997700825334)
(1673, 0.0001716000260785222)
(1674, 0.00019880000036209822)
(1675, 0.0001713000237941742)
(1676, 0.00017399998614564538)
(1677, 0.00017170002683997154)
(1678, 0.00017290003597736359)
(1679, 0.0002739999908953905)
(1680, 0.0001734999823383987)
(1681, 0.00017089996254071593)
(1682, 0.00017230003140866756)
(1683, 0.00017120002303272486)
(1684, 0.00021239998750388622)
(1685, 0.0001708000199869275)
(1686, 0.00017279997700825334)
(1687, 0.00017009995644912124)
(1688, 0.00020750000840052962)
(1689, 0.00019230000907555223)
(1690, 0.00018780003301799297)
(1691, 0.00017120002303272486)
(1692, 0.000172699976246804)
(1693, 0.0001716000260785222)
(1694, 0.00019400002202019095)
(1695, 0.00018729997100308537)
(1696, 0.0001724000321701169)
(1697, 0.00017070001922547817)
(1698, 0.00017289997776970267)
(1699, 0.00017040001694113016)
(1700, 0.00017370004206895828)
(1701, 0.00017069996101781726)
(1702, 0.00017259997548535466)
(1703, 0.00017030001617968082)
(1704, 0.00017260003369301558)
(1705, 0.00019079999765381217)
(1706, 0.00018129998352378607)
(1707, 0.00018090003868564963)
(1708, 0.00018179998733103275)
(1709, 0.0001792000257410109)
(1710, 0.0001943999668583274)
(1711, 0.0002144999452866614)
(1712, 0.00017640000442042947)
(1713, 0.00017389998538419604)
(1714, 0.00017660000594332814)
(1715, 0.00017439998919144273)
(1716, 0.0001773000112734735)
(1717, 0.00017339998157694936)
(1718, 0.00017689995002001524)
(1719, 0.0001745999907143414)
(1720, 0.00017630000365898013)
(1721, 0.00019719998817890882)
(1722, 0.00022580003133043647)
(1723, 0.0001753999968059361)
(1724, 0.0001756999990902841)
(1725, 0.0001748999929986894)
(1726, 0.0001979000517167151)
(1727, 0.0001878999755717814)
(1728, 0.00017600000137463212)
(1729, 0.00017410004511475563)
(1730, 0.0001765000051818788)
(1731, 0.00017399998614564538)
(1732, 0.0002142000012099743)
(1733, 0.00017579999985173345)
(1734, 0.00017600000137463212)
(1735, 0.00017439998919144273)
(1736, 0.00017610000213608146)
(1737, 0.00021430000197142363)
(1738, 0.00017600000137463212)
(1739, 0.00017439998919144273)
(1740, 0.00017690000822767615)
(1741, 0.00020920002134516835)
(1742, 0.00021989998640492558)
(1743, 0.0001737999846227467)
(1744, 0.0001765000051818788)
(1745, 0.0001742999884299934)
(1746, 0.00017680000746622682)
(1747, 0.00020910002058371902)
(1748, 0.0001770000089891255)
(1749, 0.00017399998614564538)
(1750, 0.0001762000028975308)
(1751, 0.00017479999223724008)
(1752, 0.00017690000822767615)
(1753, 0.00028419995214790106)
(1754, 0.00017690000822767615)
(1755, 0.00017499999376013875)
(1756, 0.0001772999530658126)
(1757, 0.0001981999957934022)
(1758, 0.00019069999689236283)
(1759, 0.0001745999907143414)
(1760, 0.00017660000594332814)
(1761, 0.00017450004816055298)
(1762, 0.00017670000670477748)
(1763, 0.00019839999731630087)
(1764, 0.00018099998123943806)
(1765, 0.00017980003030970693)
(1766, 0.00018099998123943806)
(1767, 0.0001797000295482576)
(1768, 0.0001818999880924821)
(1769, 0.00017940002726390958)
(1770, 0.0001813999842852354)
(1771, 0.00017950002802535892)
(1772, 0.00018129998352378607)
(1773, 0.00019200000679120421)
(1774, 0.00018670002464205027)
(1775, 0.00018360000103712082)
(1776, 0.00018350000027567148)
(1777, 0.0001803000341169536)
(1778, 0.00018239999189972878)
(1779, 0.00018010003259405494)
(1780, 0.00018149998504668474)
(1781, 0.0001838000025600195)
(1782, 0.00018119998276233673)
(1783, 0.00017940002726390958)
(1784, 0.00018169998656958342)
(1785, 0.00017950002802535892)
(1786, 0.00018149998504668474)
(1787, 0.00017860002117231488)
(1788, 0.0001818999880924821)
(1789, 0.00018069997895509005)
(1790, 0.00019240000983700156)
(1791, 0.00017439998919144273)
(1792, 0.00017770001431927085)
(1793, 0.00020920002134516835)
(1794, 0.00017910002497956157)
(1795, 0.00020919996313750744)
(1796, 0.0001767999492585659)
(1797, 0.0001742999884299934)
(1798, 0.00017710000975057483)
(1799, 0.00020130001939833164)
(1800, 0.00019230000907555223)
(1801, 0.00017570005729794502)
(1802, 0.00017739995382726192)
(1803, 0.0001756999990902841)
(1804, 0.00017799995839595795)
(1805, 0.0001935999607667327)
(1806, 0.00018220004858449101)
(1807, 0.00018009997438639402)
(1808, 0.00018090003868564963)
(1809, 0.00018169998656958342)
(1810, 0.00018540001474320889)
(1811, 0.00018149998504668474)
(1812, 0.0002764000091701746)
(1813, 0.00018669996643438935)
(1814, 0.00018420000560581684)
(1815, 0.00018070003716275096)
(1816, 0.0001821999903768301)
(1817, 0.00017939996905624866)
(1818, 0.00018199998885393143)
(1819, 0.00017939996905624866)
(1820, 0.0001824999926611781)
(1821, 0.00017939996905624866)
(1822, 0.00018140004249289632)
(1823, 0.00017959997057914734)
(1824, 0.00018090003868564963)
(1825, 0.00018089998047798872)
(1826, 0.00018200004706159234)
(1827, 0.00017959997057914734)
(1828, 0.00018180004553869367)
(1829, 0.00018009997438639402)
(1830, 0.00020290003158152103)
(1831, 0.00018119998276233673)
(1832, 0.00018149998504668474)
(1833, 0.00017929996829479933)
(1834, 0.00018169998656958342)
(1835, 0.00017969997134059668)
(1836, 0.0001811000402085483)
(1837, 0.000179499969817698)
(1838, 0.00018100003944709897)
(1839, 0.00017969997134059668)
(1840, 0.00018130004173144698)
(1841, 0.00017969997134059668)
(1842, 0.000181600044015795)
(1843, 0.00017959997057914734)
(1844, 0.00018100003944709897)
(1845, 0.00017929996829479933)
(1846, 0.0001818999880924821)
(1847, 0.00018039997667074203)
(1848, 0.00018090003868564963)
(1849, 0.00017919996753335)
(1850, 0.00018079997971653938)
(1851, 0.0001810999820008874)
(1852, 0.00018260005163028836)
(1853, 0.00018009997438639402)
(1854, 0.00018130004173144698)
(1855, 0.00017989997286349535)
(1856, 0.00018180004553869367)
(1857, 0.00018019997514784336)
(1858, 0.00018120004096999764)
(1859, 0.00017829996068030596)
(1860, 0.00018049997743219137)
(1861, 0.00017880002269521356)
(1862, 0.00018749997252598405)
(1863, 0.0001800000318326056)
(1864, 0.0001813999842852354)
(1865, 0.00017860002117231488)
(1866, 0.00018079997971653938)
(1867, 0.00018040003487840295)
(1868, 0.0001824999926611781)
(1869, 0.00017990003107115626)
(1870, 0.00018129998352378607)
(1871, 0.00017910002497956157)
(1872, 0.00018099998123943806)
(1873, 0.00018090003868564963)
(1874, 0.00018239999189972878)
(1875, 0.00017960002878680825)
(1876, 0.00018199998885393143)
(1877, 0.00017989997286349535)
(1878, 0.00018239999189972878)
(1879, 0.00020380003843456507)
(1880, 0.00018780003301799297)
(1881, 0.0001832999987527728)
(1882, 0.00018420000560581684)
(1883, 0.00018319999799132347)
(1884, 0.0001917000045068562)
(1885, 0.00017220003064721823)
(1886, 0.00017439998919144273)
(1887, 0.00017200002912431955)
(1888, 0.00019689998589456081)
(1889, 0.0001938999630510807)
(1890, 0.00017549999756738544)
(1891, 0.000172699976246804)
(1892, 0.00017439998919144273)
(1893, 0.00017279997700825334)
(1894, 0.0002112000365741551)
(1895, 0.000172699976246804)
(1896, 0.00017460004892200232)
(1897, 0.00018919998547062278)
(1898, 0.00018829997861757874)
(1899, 0.00021060003200545907)
(1900, 0.00017579999985173345)
(1901, 0.00020329997641965747)
(1902, 0.00023780000628903508)
(1903, 0.00030179996974766254)
(1904, 0.0002133999951183796)
(1905, 0.0001721000298857689)
(1906, 0.0001734999823383987)
(1907, 0.00017170002683997154)
(1908, 0.00018700002692639828)
(1909, 0.00017219997243955731)
(1910, 0.00017450004816055298)
(1911, 0.00017169996863231063)
(1912, 0.00017339998157694936)
(1913, 0.00020980002591386437)
(1914, 0.0001737999846227467)
(1915, 0.00017150002531707287)
(1916, 0.0001734999823383987)
(1917, 0.00017170002683997154)
(1918, 0.00017339998157694936)
(1919, 0.0002302999491803348)
(1920, 0.00022359995637089014)
(1921, 0.00020490004681050777)
(1922, 0.00020750000840052962)
(1923, 0.0001962999813258648)
(1924, 0.0001732000382617116)
(1925, 0.0001713000237941742)
(1926, 0.00017309997929260135)
(1927, 0.0001713000237941742)
(1928, 0.00017399998614564538)
(1929, 0.00028199999360367656)
(1930, 0.00018959998851642013)
(1931, 0.00017089996254071593)
(1932, 0.0001732000382617116)
(1933, 0.00019539997447282076)
(1934, 0.0001876000314950943)
(1935, 0.00017070001922547817)
(1936, 0.00017249997472390532)
(1937, 0.0001707999617792666)
(1938, 0.00017289997776970267)
(1939, 0.00027329998556524515)
(1940, 0.000172399973962456)
(1941, 0.00017110002227127552)
(1942, 0.000172999978531152)
(1943, 0.00017019995721057057)
(1944, 0.0002107000327669084)
(1945, 0.0001708000199869275)
(1946, 0.00017319998005405068)
(1947, 0.00017100002150982618)
(1948, 0.00020640000002458692)
(1949, 0.00017250003293156624)
(1950, 0.00020810001296922565)
(1951, 0.0001705000177025795)
(1952, 0.000172999978531152)
(1953, 0.00017100002150982618)
(1954, 0.00019390002125874162)
(1955, 0.00018660002388060093)
(1956, 0.00017319998005405068)
(1957, 0.0001713000237941742)
(1958, 0.0001727000344544649)
(1959, 0.0001702999579720199)
(1960, 0.00021159998141229153)
(1961, 0.00017140002455562353)
(1962, 0.00017179996939375997)
(1963, 0.00017399998614564538)
(1964, 0.00017259997548535466)
(1965, 0.0001715999678708613)
(1966, 0.00017190002836287022)
(1967, 0.0001713000237941742)
(1968, 0.00017329998081550002)
(1969, 0.00017110002227127552)
(1970, 0.00017290003597736359)
(1971, 0.00020559999393299222)
(1972, 0.00017190002836287022)
(1973, 0.00017129996558651328)
(1974, 0.00017249997472390532)
(1975, 0.00017120002303272486)
(1976, 0.00021079997532069683)
(1977, 0.00017139996634796262)
(1978, 0.00017220003064721823)
(1979, 0.00017110002227127552)
(1980, 0.00017209997167810798)
(1981, 0.00019019999308511615)
(1982, 0.000194900028873235)
(1983, 0.00019369996152818203)
(1984, 0.0001737999846227467)
(1985, 0.00017040001694113016)
(1986, 0.00020299997413530946)
(1987, 0.00022960000205785036)
(1988, 0.00017639994621276855)
(1989, 0.00017319998005405068)
(1990, 0.0001762000028975308)
(1991, 0.00019270001212134957)
(1992, 0.00018450000789016485)
(1993, 0.00018659996567294002)
(1994, 0.00017529999604448676)
(1995, 0.00017359998309984803)
(1996, 0.00017519999528303742)
(1997, 0.00021470000501722097)
(1998, 0.00017360004130750895)
(1999, 0.00017579999985173345)
(2000, 0.0002177999704144895)
the final score is -1
0.6318912506103516

Process finished with exit code 0
